Generation 0 Fitness:4.106091
1.567380 -1.037270 -1.395728 -1.993752 -0.995419 1.986750 -0.692544 0.413186 0.422360 -1.395567 0.701399 0.409608 0.280344 -0.263914 0.401199 -1.040563 -0.735171 -0.013783 0.354293 
Generation 1 Fitness:7.772334
1.344385 -0.909822 1.368016 1.962604 -0.344620 0.417349 -0.578096 1.694821 1.091702 -1.852598 -1.178536 -0.868904 -0.444280 -1.924580 0.744335 -1.956603 1.266094 1.912999 1.419596 
Generation 2 Fitness:6.402970
-0.911426 0.796138 0.692541 -0.448781 0.712307 -1.746877 0.342648 0.502367 -1.632992 -1.695001 1.812249 -0.399492 -0.154866 0.649049 -0.424459 -1.367368 -1.507504 0.851709 -0.682887 
Generation 3 Fitness:6.724363
0.411811 -0.641124 -0.382971 0.326519 0.197687 -0.847355 -0.447450 1.498921 0.131392 1.218346 -1.171874 -0.179226 -0.875036 1.385809 -1.151323 0.142289 -0.048848 -1.646585 -1.611870 
Generation 4 Fitness:7.192658
0.343195 -0.005415 1.801471 0.056002 -0.310713 0.280093 0.854475 -0.683556 -1.484627 -1.961618 0.802328 0.545489 1.128413 -0.428513 -1.724803 -1.195258 -0.104994 1.041705 -0.820640 
Generation 5 Fitness:5.628238
1.460600 1.607873 -1.037139 1.349948 0.487157 0.443374 0.648610 -0.843608 -0.135217 0.917868 -0.730416 -0.659231 -1.090022 -0.093775 -1.698716 -0.251814 -1.494445 0.922493 -1.816308 
Generation 6 Fitness:8.382268
-0.458644 1.491897 -1.206230 1.891577 0.924142 -1.339418 0.446273 -0.520876 0.165770 -1.610391 0.990464 -1.091156 -1.607767 0.626336 -0.177587 -1.103176 1.995896 -1.916988 -0.241330 
Generation 7 Fitness:4.808263
0.016301 0.495466 1.015876 -0.252714 -1.217929 0.048742 -0.778050 0.921667 1.239761 -0.123724 -1.139041 -1.014635 -0.865108 -0.639645 0.357547 1.776003 1.557384 -1.378187 0.351224 
Generation 8 Fitness:1.676348
-0.738434 -0.450091 -0.985850 1.654294 -1.596400 0.397007 0.596053 -0.258782 -1.906243 0.647400 -0.348824 0.376232 1.158322 0.211066 -0.854137 1.368557 -0.870355 -1.648407 -0.487723 
Generation 9 Fitness:5.207945
-1.372761 1.462534 0.093215 -0.396189 0.571358 -0.444853 -0.261132 0.088782 0.443418 0.508306 0.439248 -0.553978 0.102971 -1.282822 1.550508 1.214927 0.948619 -0.043228 1.278223 
Generation 10 Fitness:8.148512
0.998513 -0.949746 1.334400 -1.851404 1.680969 1.638441 -0.420285 1.164869 -0.421688 -0.423824 -0.432161 1.124679 -0.622845 -0.772376 -0.552016 0.050080 0.313600 1.476570 0.747535 
Generation 11 Fitness:3.496666
-0.555324 0.152478 -1.666617 0.671736 -1.145595 1.394149 0.226784 1.457561 0.189553 -0.474300 0.750897 -0.583347 0.298541 0.099768 -1.472618 -0.470175 -1.331724 1.895088 -1.474126 
Generation 12 Fitness:2.811112
-0.916744 1.444207 -1.521061 -0.949768 1.951176 0.107050 -0.054746 0.277457 0.540518 0.724358 -1.132931 0.073589 -0.983994 -1.399091 -1.441230 1.460164 -0.194758 -1.838653 1.459832 
Generation 13 Fitness:4.211925
1.031221 0.234130 0.080319 -1.874840 0.433755 0.443374 -0.344537 0.338655 0.241278 0.987765 -0.329071 -0.168668 0.537615 -0.201299 -1.208282 0.295407 -1.647749 0.087986 -1.455393 
Generation 14 Fitness:5.171750
-0.116949 0.399815 -0.053370 0.833027 -1.225510 0.508332 -0.490251 0.174896 -0.772603 1.778053 -0.944207 -0.542274 0.151432 -0.419133 -0.932368 -0.547948 -0.100424 -0.845918 0.416875 
Generation 15 Fitness:5.448153
-0.894012 -0.978070 -1.006866 -0.726252 0.181896 -0.526299 0.158493 0.324006 -1.733349 -0.665325 1.449006 0.172856 0.930793 -0.072508 0.006121 -0.179983 -0.858533 -0.488215 0.999042 
Generation 16 Fitness:6.598864
0.713710 0.075839 -1.210250 -1.109904 1.089224 -1.653163 -0.955083 0.188282 -0.271042 0.630088 -0.670609 0.696532 0.593716 0.511045 1.999495 -1.670619 -1.406088 -0.895679 -0.894024 
Generation 17 Fitness:3.401425
-0.214978 -0.874898 -0.942237 -1.276368 -0.937996 0.549652 -1.150296 0.195816 -1.701848 1.108347 0.399127 -0.327322 1.132909 0.333410 -1.978287 -0.396708 1.085183 -0.133798 0.675693 
Generation 18 Fitness:2.473033
-0.807864 -0.552272 -0.415271 1.160530 -1.464170 1.831594 1.256861 0.233831 -1.086257 -1.736275 1.322586 0.355505 -0.056689 -0.466501 -1.472356 -1.856748 1.795807 -0.941882 0.649720 
Generation 19 Fitness:4.957088
-0.210144 0.285111 -1.325111 -0.940269 0.776311 -0.242331 -0.518030 1.457561 -1.575810 0.474864 0.806557 -0.255728 -0.662710 -0.343677 -1.655027 -1.416265 -1.107365 -0.183944 0.598297 
Generation 20 Fitness:4.623765
-0.724899 0.885136 -0.174832 -1.853270 1.544314 -0.005300 0.158493 0.195631 0.480066 0.263377 -0.382328 -0.498511 -0.837539 0.614030 -0.007854 1.124620 0.387321 -1.730962 -0.534054 
Generation 21 Fitness:6.494232
0.006480 -0.088235 -1.022699 -1.447233 1.787318 -0.640513 0.286824 0.742087 0.254473 1.074993 -1.247138 0.284304 -0.269602 -0.119524 1.834469 -1.856748 -0.054940 -1.329630 -0.136821 
Generation 22 Fitness:5.790946
0.231033 0.221932 -1.892757 0.544056 0.125859 -0.432093 0.207411 0.641969 -1.529108 1.813171 -1.263505 0.886890 -0.069441 -0.542157 1.685643 -0.858457 -0.829389 1.904339 -0.257551 
Generation 23 Fitness:1.166351
-0.733399 -0.548753 -1.491579 -0.209566 0.047901 0.060452 0.796148 1.034709 -1.081341 -0.021276 0.578907 -0.044376 -0.332272 -0.428513 -0.151055 1.959711 -1.261868 0.125568 0.217047 
Generation 24 Fitness:3.438865
-0.492224 0.187862 -0.743621 -0.529447 1.079956 -0.270889 0.127520 -0.719997 -0.258525 -0.950388 0.318190 -0.241911 -0.700148 1.128723 -1.539097 1.272529 -0.151748 -1.750390 0.656680 
Generation 25 Fitness:5.076863
0.072807 0.152720 -1.399479 0.294934 0.843319 -0.167433 1.315318 0.054156 -1.484977 0.272235 -0.067808 -0.343436 -0.807318 0.282198 -0.511305 -0.362647 -0.332550 1.537709 -1.218860 
Generation 26 Fitness:4.602796
0.519241 0.020387 -0.584976 0.369863 0.047901 -0.869640 0.477253 0.048114 0.621650 -0.129637 0.171692 0.128146 0.597553 -0.485531 -1.483171 -1.912118 -0.343503 0.320927 -0.826429 
Generation 27 Fitness:4.303241
0.415456 0.005713 -0.387701 -1.070217 1.393741 -1.420625 -0.206773 -0.083334 0.078516 -0.931644 0.745568 0.106570 -0.124955 -0.370204 -1.708930 -1.801646 0.390658 1.795781 0.529830 
Generation 28 Fitness:3.556826
-0.247879 0.114613 -1.450839 0.588423 -1.306773 0.390313 -0.409481 0.854839 -1.717569 1.970714 -0.890393 0.157067 -0.083615 -0.085613 -1.217348 0.986620 -1.340341 0.149842 0.179413 
Generation 29 Fitness:2.764608
0.231105 -0.147107 -1.986967 0.162230 -1.596400 1.793787 0.075325 0.596038 -1.125204 1.584594 -1.219712 0.772632 0.253663 0.118268 -1.667913 -0.735139 0.277269 0.393396 -0.859584 
Generation 30 Fitness:4.348740
-0.439942 0.406273 0.683944 0.048528 -0.494750 -0.011541 -0.559504 0.278292 -1.390151 0.801355 0.342214 -0.903647 -0.069441 -0.748319 -1.205765 -0.571478 -0.100424 0.956937 1.056318 
Generation 31 Fitness:4.264791
-0.579581 0.076126 -1.659252 -1.131610 0.826201 0.286331 0.373958 0.316879 -0.179042 0.887949 -1.124831 0.419911 -0.073302 0.527450 -1.378981 -0.830818 -0.368696 0.158640 -0.077521 
Generation 32 Fitness:2.513269
-0.368751 -0.113190 0.352563 0.140760 0.246385 -0.486244 0.241335 0.213302 0.241278 0.183706 0.249920 -0.324421 0.064385 -0.098975 0.903301 -0.825957 0.568650 0.149842 0.062251 
Generation 33 Fitness:3.273315
0.262978 0.892158 -1.413658 -0.013984 1.060322 -1.027226 -0.551195 -0.991021 -0.666186 -1.039674 1.928370 -1.534676 0.672008 0.121244 -1.132207 -0.909485 -0.505339 -0.813693 -0.274827 
Generation 34 Fitness:2.277745
0.013332 0.243054 -0.151031 -0.503869 0.500812 -0.486244 0.116886 0.121534 -1.047547 1.313668 -1.267150 0.419911 -0.338998 -0.382207 -1.041544 0.561019 -0.352613 0.551145 0.165704 
Generation 35 Fitness:3.621866
0.015151 -0.226707 -1.325111 -0.370469 -0.239840 -0.022646 -0.109454 0.607042 -0.622754 0.744293 -0.455315 0.664147 -0.081424 -0.648866 -1.720682 -0.817482 0.483854 -0.351004 0.440786 
Generation 36 Fitness:2.111866
-0.261967 0.124777 -1.724562 0.489765 0.144076 -0.858379 -0.043239 0.000899 -0.168991 1.766547 -1.847849 0.886542 -0.081424 0.339088 1.465959 -1.006267 -0.524811 1.891474 0.000075 
Generation 37 Fitness:3.608010
0.043825 0.126032 -1.942149 0.071050 0.036516 -0.167433 -0.159752 0.021262 -1.530938 -0.946826 0.699930 0.549207 0.437214 0.468738 -1.174908 -1.763426 0.768281 0.441064 -0.650551 
Generation 38 Fitness:2.733139
-0.082045 0.110144 0.642034 1.143670 -0.753730 -0.504419 0.300841 0.199399 -1.274939 0.214973 -0.009714 -0.189679 -0.216169 -0.187460 -1.875317 -0.424535 0.277269 1.223145 -0.204986 
Generation 39 Fitness:2.359020
0.454396 0.218316 -1.947971 -0.873527 0.010328 1.330554 -0.078314 0.005146 -0.994865 0.466421 -0.063263 -0.331082 -0.397765 0.121244 -0.165063 0.866503 -0.207316 -1.686635 -0.391897 
Generation 40 Fitness:1.104376
0.260154 -0.226707 -1.702055 -1.361458 0.255735 0.438525 -0.297777 0.669620 -1.311713 0.554900 -0.043756 -0.086863 -0.357782 0.308355 -1.174908 0.913865 -1.989882 1.798644 -0.017726 
Generation 41 Fitness:1.400060
0.355099 -0.265531 -0.390803 0.269043 -1.344406 0.894285 -0.588698 0.533625 -1.211571 -0.197482 0.858171 -0.381950 -0.073302 0.005771 -1.472874 -0.571478 0.179724 1.507371 0.182048 
Generation 42 Fitness:2.313284
0.361026 -0.505626 -1.517511 -0.352422 -0.246522 0.379278 0.382738 0.001021 -0.898531 0.673194 -0.043756 -0.092868 0.188606 0.174711 -1.164122 -0.995993 -0.008597 -0.816075 -0.482984 
Generation 43 Fitness:1.524515
-0.340227 0.288715 -1.514599 0.318046 -0.391259 0.523690 -0.008770 -0.258782 -1.230528 -0.794841 0.862846 -0.491858 0.118333 0.077848 -0.871918 -0.362647 0.207297 -1.752299 0.344446 
Generation 44 Fitness:1.959024
-0.239145 0.775271 -0.803023 -0.234222 0.445427 0.212737 0.315404 -0.107670 -1.874865 0.405361 -0.028937 -0.189679 0.257579 -0.592829 -0.039961 1.216589 -0.963655 0.684798 -0.442008 
Generation 45 Fitness:1.605165
0.096909 0.020387 -1.389450 -1.093868 0.152929 0.729143 -0.091999 0.213298 -0.111322 -0.090506 -0.028937 0.233879 -0.000723 -0.039440 0.569846 -0.016349 0.235965 0.332734 -0.073597 
Generation 46 Fitness:1.069051
0.013326 -0.081611 -1.015960 0.273973 -0.937996 0.894285 -0.086286 -0.202914 0.594975 0.183706 0.474298 -0.255728 0.393822 -0.159160 -1.816783 0.682619 0.032844 -1.650873 0.111567 
Generation 47 Fitness:2.266438
0.065993 0.495466 -1.462695 -0.734575 0.438525 0.061660 -0.272425 0.015299 -1.557597 0.264113 -0.567843 0.530370 -0.020272 -0.005123 -1.580496 -0.532719 0.631331 0.261531 -0.108953 
Generation 48 Fitness:1.678559
0.432913 -0.124643 -0.048559 0.100952 -0.499671 0.490228 0.074627 -0.141206 -0.592543 0.744293 -0.148373 -0.412276 0.264558 -0.400136 -1.127358 1.129212 -1.232916 0.501522 -0.132705 
Generation 49 Fitness:1.541257
0.310626 -0.123067 -1.253885 -0.552699 0.359537 -0.209754 -0.001106 0.143658 -1.671222 0.457661 -0.234410 0.158092 -0.054291 0.065772 -0.316785 -0.136161 -0.728260 -0.473267 -0.188190 
Generation 50 Fitness:1.266360
0.231015 -0.222365 -0.490350 -0.013984 -0.179694 0.212383 0.025544 0.270176 -1.746052 0.105153 0.266041 -0.194069 -0.190460 -0.005123 -1.659146 -0.082137 -1.295908 0.960671 0.177602 
Generation 51 Fitness:1.652887
-0.093276 -0.125181 0.354548 0.017002 -0.494750 0.758329 -0.194067 -0.163747 -1.151003 -0.225573 0.459939 -0.092868 0.232182 0.252755 0.210587 -0.599168 -0.110418 0.295291 0.221252 
Generation 52 Fitness:1.919771
0.054790 0.064775 -1.211719 0.522883 -0.726357 0.379278 0.141682 -0.020693 0.082994 -0.004342 -0.046662 0.037385 -0.254170 0.077665 -1.872729 0.402750 -0.561928 0.327319 0.033760 
Generation 53 Fitness:1.590861
0.004188 0.072939 0.172380 -0.309370 -0.009624 -0.047265 -0.078314 0.023043 0.241406 0.370294 -0.046662 -0.167612 0.087458 0.079407 0.016369 -1.715577 0.360075 1.101584 0.043158 
Generation 54 Fitness:1.086417
0.072787 -0.247376 0.398546 -0.370767 0.623855 -0.356445 0.175453 -0.164093 1.184774 0.346954 0.018470 0.233724 -0.124955 0.221485 -0.440405 0.058434 -0.535251 1.858002 0.082585 
Generation 55 Fitness:1.546400
-0.082045 0.082523 -1.848261 0.036677 -0.383597 0.824891 0.012702 -0.009640 0.570818 0.235783 -0.126652 0.236871 0.162608 0.035621 -0.247289 -0.034923 -1.114872 0.219812 0.104832 
Generation 56 Fitness:1.643661
-0.283991 0.056014 0.354662 -0.775267 0.660092 -0.435283 -0.100362 0.005146 0.594975 -0.216344 0.007972 0.319083 0.159061 0.112733 -1.329690 -0.344157 -0.608545 1.769424 0.337951 
Generation 57 Fitness:0.971646
-0.173944 0.213266 -6.036578 0.124802 0.500812 -0.818041 -0.189124 -0.067992 -1.685819 0.122059 0.396755 -0.403252 0.159061 -0.114005 -1.700903 -0.931736 0.834034 -0.289859 0.157277 
Generation 58 Fitness:1.886622
0.056616 -0.057203 -1.491810 -0.520269 0.301730 0.201326 -0.055735 0.207225 -1.881528 -0.021276 0.444115 -0.051936 0.093062 0.079407 -0.229068 -1.006267 -0.507782 0.315602 -0.045096 
Generation 59 Fitness:1.261198
-0.002053 0.002793 -1.878420 -0.459687 0.413188 -0.288708 -0.011093 0.001021 -1.156119 -0.474300 -0.009714 0.342086 -0.188169 0.474655 -1.465214 -0.825957 1.112705 -1.823334 -0.076589 
Generation 60 Fitness:1.569170
-0.113236 0.401174 -0.184789 -0.129445 0.253079 -0.022646 -0.078314 -0.278091 0.064061 0.405361 0.090014 -0.255728 0.143405 0.225514 -0.897981 -0.378113 -0.177112 -1.214458 -0.204986 
Generation 61 Fitness:1.479180
-0.011469 0.090747 -0.878840 0.124180 -0.235457 0.347422 0.233379 0.328202 0.010706 -0.332665 0.341188 -0.044376 -0.112190 -0.362750 -1.069595 -1.006267 -0.535251 0.644563 0.126421 
Generation 62 Fitness:1.151763
-0.074791 0.298519 -1.161707 0.369863 -0.043869 -0.288708 -0.413185 -0.049943 -0.526553 0.174501 -0.161391 0.128399 -0.032607 0.211066 -0.979981 -0.733643 -0.225824 1.527850 0.201358 
Generation 63 Fitness:1.362335
-0.274804 0.372723 0.118874 -0.155075 -0.279827 0.549943 -0.008770 -0.117802 -0.109613 -0.297790 0.233642 0.233879 0.178122 0.079407 0.340943 0.170564 -1.111819 0.881972 0.000075 
Generation 64 Fitness:1.660982
0.255567 0.031947 -5.161662 0.534970 -0.490575 0.180755 -0.042806 -0.141206 -1.530938 0.042946 -0.186127 0.199761 -0.057354 0.093401 -1.658230 -0.387232 -0.803703 1.909085 0.017129 
Generation 65 Fitness:1.262970
-0.074791 0.015671 -1.842274 0.506483 -0.654426 0.443906 0.141682 0.328202 -1.447204 0.422205 -0.166917 0.000862 -0.190460 0.171516 -1.251128 -1.266437 0.631331 -1.770885 -0.108953 
Generation 66 Fitness:1.011192
-0.087523 0.165880 0.515209 -0.309370 -0.014958 -0.182680 -0.250461 0.000899 -1.023995 0.219435 -0.009714 -0.072314 -0.081424 0.278328 -0.043027 -0.984069 0.032844 0.359833 0.159142 
Generation 67 Fitness:0.906736
0.141276 -0.125181 -1.986967 0.233443 -0.714690 0.426519 0.074627 0.102273 -0.620954 0.141974 -0.162006 0.158092 -0.081424 0.225514 -0.838756 0.433240 -1.277374 0.615292 -0.089981 
Generation 68 Fitness:0.810957
-0.056349 0.123201 -1.410462 0.287100 -0.572682 0.600429 -0.146564 0.089697 -1.697465 0.232096 0.220618 -0.201528 -0.020272 0.118268 -1.596073 -0.089361 -0.467994 0.219812 0.033760 
Generation 69 Fitness:0.700524
-0.070095 0.076380 -0.942883 -0.285764 0.393322 -0.167433 0.183727 -0.079986 -1.820031 0.346599 -0.161391 -0.044376 0.046916 0.079407 -1.902865 -1.389591 0.737341 0.940318 -0.155790 
Generation 70 Fitness:0.917221
0.188931 0.090747 -1.970949 -0.081312 0.315069 -0.270889 0.011558 -0.282553 0.241278 0.209324 -0.028937 0.087543 0.115409 0.301093 -1.671857 -0.825957 -0.634433 1.528874 -0.127466 
Generation 71 Fitness:0.896368
0.017652 0.072964 -1.501227 -0.516725 0.066389 0.212737 -0.087024 0.230169 -1.070404 -0.124422 0.258996 0.013558 -0.066259 0.003892 -1.378981 -0.230471 -0.495817 1.393720 0.043158 
Generation 72 Fitness:1.234814
0.231075 0.298519 -1.970949 -0.234222 0.210910 -0.017925 -0.272425 -0.113570 -0.919911 -0.124875 0.220618 -0.098275 0.039142 0.225514 -1.528483 -0.571478 -0.017040 0.516931 -0.283218 
Generation 73 Fitness:0.755160
-0.092777 0.076126 -0.795251 -0.451416 0.093270 0.379278 -0.055735 0.174904 -1.015061 -0.081493 0.081728 0.158092 -0.020272 -0.090574 -1.811361 -0.343105 -0.019818 0.615292 0.157277 
Generation 74 Fitness:1.991752
0.028137 0.152720 -0.218698 0.018692 -0.027506 -0.276322 -0.010894 0.097458 -1.875894 0.263377 -0.092449 0.158092 0.096053 -0.018879 -1.768420 -1.595396 0.003095 0.831145 -0.045096 
Generation 75 Fitness:0.786042
-0.087523 0.189857 -1.315689 -0.422458 0.437599 -0.097083 -0.036801 0.079442 -1.125902 0.406522 -0.103881 -0.098275 -0.000723 -0.039440 0.074526 0.357157 -0.207316 -1.160589 -0.076589 
Generation 76 Fitness:1.134025
0.030812 -0.124643 -1.545301 -0.309370 -0.049501 0.212383 -0.086318 0.040531 -1.865248 0.148515 0.079450 0.178485 0.178122 -0.121257 -1.633342 -0.101793 -0.351262 0.359833 0.165704 
Generation 77 Fitness:0.847510
-0.036083 0.038942 -1.666617 -0.370767 -0.069790 0.668065 -0.008770 0.125732 -1.070404 -0.124875 0.031697 0.148599 -0.131727 0.079407 -0.440405 -0.343105 -0.198661 0.516931 0.126421 
Generation 78 Fitness:0.986124
0.058154 0.123201 -0.748910 -0.703695 0.224339 0.469136 -0.019710 -0.049943 -1.458886 0.218890 0.012254 -0.072250 0.118333 -0.005123 -0.458793 -0.817482 -0.198661 0.332734 0.007036 
Generation 79 Fitness:0.587233
0.044387 0.161562 -1.334704 -0.612028 0.179913 0.469136 -0.190035 -0.008850 -1.756482 0.177690 -0.063263 -0.072250 -0.056689 0.174711 -1.996178 0.235292 0.402562 -1.730951 -0.077521 
Generation 80 Fitness:1.122871
0.107795 -0.081611 -1.315689 -0.082268 -0.281352 0.240828 -0.036801 0.185560 -1.151667 0.209324 0.163147 -0.023560 0.120104 -0.069363 0.310288 0.021174 -0.778057 -0.351004 -0.004155 
Generation 81 Fitness:0.630097
-0.006836 0.149011 -0.913235 -0.282565 0.179832 0.212737 -0.055735 0.140074 -0.263764 0.099055 -0.089287 0.128399 -0.023855 -0.065880 -1.609461 0.007791 -1.097989 0.960671 0.071671 
Generation 82 Fitness:0.782397
0.025400 0.018812 -1.245843 -0.309370 -0.009624 0.240828 -0.146564 0.043824 -0.111322 0.309938 -0.089287 -0.083526 -0.042368 0.063783 -1.518807 -0.196087 -0.030617 -0.140908 0.126421 
Generation 83 Fitness:1.297201
0.072774 0.090747 -1.947960 -0.338516 0.201455 0.060452 -0.055735 0.201376 -1.080829 0.099055 -0.046662 0.244669 -0.000723 -0.039440 -1.517510 -0.571478 -0.343503 0.050916 -0.028603 
Generation 84 Fitness:0.633677
0.035144 0.160756 -1.277114 -0.209566 -0.009624 0.390313 -0.008770 0.038292 -1.590619 0.099055 -0.028937 -0.083526 -0.138996 0.077289 0.506638 0.121222 -0.731644 0.516931 0.007036 
Generation 85 Fitness:0.392890
0.006447 0.062295 -0.180689 -0.282565 -0.020625 0.212383 -0.100362 -0.009640 -1.477986 0.211890 0.126564 -0.201259 0.035650 -0.014529 -1.261889 -0.343105 -0.198661 1.495600 0.071671 
Generation 86 Fitness:1.014593
0.030807 0.123201 -1.632609 -0.370747 0.445427 -0.356445 -0.086286 -0.141206 -1.110712 0.256411 -0.284376 0.158092 0.186595 0.065772 -1.728173 0.130731 -0.446050 0.921851 -0.090596 
Generation 87 Fitness:0.512209
-0.039957 -0.124161 -0.910688 -0.081312 0.000141 0.041724 0.079050 0.001021 -1.125902 0.219435 0.090014 -0.072872 0.178122 0.077665 -1.329690 -0.136161 -0.326902 0.295291 -0.090596 
Generation 88 Fitness:0.709699
-0.051096 0.161562 -8.490462 0.140760 0.130118 -0.337601 -0.000879 0.082770 -1.458886 -0.192808 0.373813 0.013558 -0.000836 0.138614 -1.297065 0.159171 -0.265301 -1.016198 -0.182484 
Generation 89 Fitness:0.802494
0.004169 0.189857 -1.883834 -0.056609 -0.261704 0.347422 -0.175017 -0.005302 -4.732813 -0.124875 0.171692 0.148599 0.129121 0.079407 -1.686689 0.013707 -0.238838 -0.157392 -0.045096 
Generation 90 Fitness:0.621052
0.086084 0.020387 -1.239058 -0.451416 -0.027506 0.299610 -0.109454 -0.043615 -1.888135 0.090742 -0.089287 0.158092 0.100240 0.063783 -5.867003 0.269070 -0.198661 -0.006147 0.004398 
Generation 91 Fitness:0.694873
0.004175 -0.124643 -1.934694 -0.180948 -0.239840 0.390313 -0.000879 0.143658 -1.554969 0.144993 0.220618 -0.083526 0.054204 0.138614 -8.498354 0.152006 -0.100424 -0.355880 -0.090596 
Generation 92 Fitness:0.807677
-0.036083 0.005841 -1.468924 0.018692 -0.157550 0.061660 0.011287 -0.019211 -0.646312 0.256282 -0.053141 -0.074752 0.088756 0.077665 -1.825090 -0.136161 -0.566663 -0.355880 0.104937 
Generation 93 Fitness:1.097649
-0.110021 0.174786 -1.659252 -0.422458 0.157752 0.379278 -0.008770 0.015299 -1.802511 0.218890 0.027284 -0.048754 0.096053 0.125485 -1.215505 -0.167086 -0.555687 0.370844 -0.077521 
Generation 94 Fitness:0.775421
0.086084 0.020387 -1.308256 -0.186071 0.014082 0.061660 -0.001106 -0.005302 -1.421921 0.165213 -0.162006 0.233879 0.040688 0.039661 -1.872609 -0.230471 -0.803703 0.845624 0.056157 
Generation 95 Fitness:1.122400
0.030738 0.038942 -1.413533 -0.329068 -0.091244 0.390313 -0.047248 0.033932 -1.874865 0.046709 0.083995 0.157067 0.150721 0.138614 -1.877920 -0.349158 -0.380880 -0.734671 -0.059602 
Generation 96 Fitness:0.764487
0.028308 0.038942 -1.814389 -0.186071 0.045853 0.000688 -0.060371 -0.022604 -0.675675 0.015242 0.109662 -0.072250 0.035650 0.079407 -1.708930 0.089624 -0.505339 -0.140908 0.055217 
Generation 97 Fitness:0.592302
0.072769 0.034933 -1.842274 -0.370747 -0.006434 0.347422 -0.093675 0.133911 -1.235961 0.099055 -0.028937 0.149111 -0.085361 -0.018879 -1.659146 -0.173182 -0.198661 -0.420131 0.111567 
Generation 98 Fitness:0.681526
-0.006688 0.160756 -1.501227 -0.370747 0.175362 0.347422 0.074627 0.000783 -5.802756 -0.062003 0.043020 0.148599 -0.000723 0.039661 -1.659146 -0.173182 -0.276072 0.925801 -0.144450 
Generation 99 Fitness:0.805041
0.022424 0.062295 -1.404063 -0.265116 -0.009624 0.319035 0.028796 0.040033 -8.266376 -0.021276 0.239220 -0.170727 -0.138996 0.145278 -7.377418 -0.256749 -0.197605 0.516931 0.077430 
Generation 100 Fitness:0.768722
0.035139 0.173786 -6.036578 -0.068478 0.093270 0.062810 -0.054746 0.015299 -8.618309 0.177690 0.054118 -0.221995 -0.069441 -0.023883 -1.716237 0.026616 -0.297375 -0.289859 0.084173 
Generation 101 Fitness:0.942320
0.116263 0.062295 -1.666617 -0.081312 -0.014958 0.164465 0.037587 -0.043615 -0.540557 -0.021276 0.079450 -0.098275 -0.066372 0.121244 -5.867003 -0.034923 -0.447167 -0.418849 0.004398 
Generation 102 Fitness:0.450121
0.054786 0.164239 -1.969256 -0.251554 0.014082 0.308088 -0.189124 0.000899 -1.023868 0.209324 -0.028937 -0.019347 0.058845 -0.018879 -1.004043 0.024549 -0.198661 0.516931 0.000075 
Generation 103 Fitness:0.598205
0.107772 0.038942 -1.254397 -0.352422 0.000141 0.356004 0.037587 0.023043 -1.125204 0.219435 -0.103881 -0.004853 -0.036010 -0.014529 -0.565820 -0.225307 -0.198661 0.013341 -0.004598 
Generation 104 Fitness:1.026483
0.025381 0.149011 0.147742 -0.379533 0.000141 0.240828 -0.086286 0.021262 0.729615 0.161330 -0.134149 0.037385 -0.081424 0.112733 -7.377418 0.170564 -0.207316 -0.006147 0.000075 
Generation 105 Fitness:0.405390
0.074155 0.108977 -1.046995 -0.459687 0.152929 0.212737 -0.086286 0.040033 -5.660220 0.008787 0.109660 -0.105605 -0.042368 -0.005123 -1.387778 0.218518 -0.326902 -0.488215 0.043158 
Generation 106 Fitness:0.243776
0.025385 0.100628 -1.080465 -0.265116 0.066389 0.164465 -0.055735 0.015299 -1.680770 0.105153 -0.063263 0.087543 -0.020272 0.145278 -1.700903 -0.034923 -0.276072 0.881972 -0.108953 
Generation 107 Fitness:0.872744
-0.006836 0.135318 -6.036578 -0.068478 -0.027506 0.242338 -0.047248 0.071385 -1.411162 0.042946 -0.004242 0.165366 0.087458 -0.014529 -0.039961 -0.343105 -0.110418 0.577388 -0.042006 
Generation 108 Fitness:1.016135
-0.007650 0.076126 -1.934694 -0.265116 -0.014958 0.308088 -0.054746 0.015299 -1.708042 0.177690 -0.102461 0.000862 0.035650 0.119511 -1.911490 -0.110749 -0.433846 0.056070 0.043158 
Generation 109 Fitness:1.130778
0.086071 0.136342 -1.707562 -0.348025 0.066389 0.422090 0.011558 -0.022604 -0.306095 -0.065136 0.090014 0.087543 -0.000723 -0.014529 -1.483780 0.089624 -0.291734 -0.894825 -0.049073 
Generation 110 Fitness:0.653283
-0.003608 0.067516 -1.028122 -0.180948 -0.122746 0.390231 -0.012077 0.000783 -2.355677 0.218890 -0.037572 -0.028510 0.021637 0.079407 -1.200834 -0.256749 -0.318412 0.516931 -0.004155 
Generation 111 Fitness:1.042957
0.013293 0.123201 -1.753669 -0.424289 0.093270 0.443906 -0.147058 0.079442 -1.070404 0.057777 0.079450 0.037385 -0.042368 0.138614 -1.728173 -0.173182 -0.206853 -0.166901 0.000075 
Generation 112 Fitness:1.609430
0.004147 0.031947 -1.659252 -0.348025 -0.020625 0.240828 -0.055735 0.102273 -0.943849 0.218890 -0.046662 0.087543 -0.003712 0.039661 -1.816783 0.021174 -0.351262 0.393396 0.015118 
Generation 113 Fitness:0.491830
0.072758 0.097267 -5.947973 0.017002 -0.014958 0.026933 0.011558 0.001021 -0.658597 0.015242 0.079450 -0.007336 -0.020272 0.077665 -1.816815 -0.110749 -0.198661 -0.502906 -0.073597 
Generation 114 Fitness:0.464607
0.013293 0.100628 -1.548411 -0.424289 0.093270 0.379278 -0.100362 -0.005302 -8.266376 0.165213 0.031697 -0.007176 0.088756 0.077665 -6.927055 0.082274 -0.343503 0.359833 -0.045096 
Generation 115 Fitness:0.736475
0.015109 0.044368 -1.334704 -0.155075 -0.006434 0.212383 -0.008770 0.013750 -5.291595 0.236785 -0.046662 -0.072250 -0.003888 0.089930 -8.865042 -0.136161 -0.618349 1.762714 0.033760 
Generation 116 Fitness:0.639189
0.072755 0.067516 -1.927738 -0.370747 0.093270 0.180507 -0.093675 -0.043615 -0.587084 0.105153 -0.103881 0.158092 0.042606 0.145278 -7.377418 0.021174 -0.018638 -0.111580 0.000075 
Generation 117 Fitness:0.928187
0.004139 0.044368 -0.844976 -0.379644 0.130118 0.062810 -0.054387 0.021262 -1.474161 0.127028 0.043020 -0.083526 -0.020272 0.145278 -1.816216 -0.186361 -0.380880 1.181599 0.007282 
Generation 118 Fitness:1.270072
-0.006836 0.072964 -1.251371 -0.265116 -0.100756 0.361442 -0.010894 0.015299 -1.746052 0.144993 0.031697 -0.072250 -0.000723 0.077665 -0.817751 0.021174 -0.291734 0.164810 -0.017726 
Generation 119 Fitness:1.145205
0.058135 0.090747 -4.437882 -0.265116 0.175362 -0.047265 -0.100362 0.012804 -1.023868 0.232096 -0.009714 -0.072872 0.029264 0.077848 -1.816783 -0.034923 -0.164175 -0.725108 -0.035206 
Generation 120 Fitness:0.726136
0.004141 0.126032 -0.844976 -0.302159 0.047901 0.240828 -0.043239 0.040563 -5.176782 0.099055 0.090014 -0.066321 -0.000723 0.079407 -9.447877 -0.136161 -0.030617 -0.981014 0.000075 
Generation 121 Fitness:1.001968
0.044349 0.044368 -1.548411 -0.302159 -0.009624 0.212383 -0.055735 -0.005302 -0.751928 -0.005020 0.083995 0.074433 0.021637 0.108668 -1.313827 -0.089361 -0.318412 0.239691 -0.004598 
Generation 122 Fitness:0.409009
0.015106 0.123201 -7.197310 -0.087048 0.066389 0.000688 -0.054746 0.000899 -1.874865 0.218890 -0.046662 -0.014390 0.074198 0.012686 -0.838756 -0.082137 -0.297375 -0.166901 -0.004598 
Generation 123 Fitness:0.868537
0.047121 0.062295 -5.047036 -0.305233 0.030929 0.224475 -0.086286 0.012804 -1.658010 0.224455 -0.006814 -0.072872 -0.020272 0.138614 -1.609461 0.170395 -0.351262 -0.266876 -0.021838 
Generation 124 Fitness:0.777743
0.057784 0.090747 -8.768117 -0.309370 0.157752 0.061660 -0.060371 0.066113 -5.176782 0.141974 -0.037572 0.000862 -0.032607 0.089946 -1.609461 -0.034923 -0.291734 -0.473267 0.033760 
Generation 125 Fitness:0.439115
0.028613 0.067516 -7.197310 -0.199627 0.093270 0.000688 -0.043751 0.000899 -1.447204 0.008787 0.054118 0.000862 0.021637 0.093544 -0.316785 -0.173182 -0.305323 0.644563 -0.021496 
Generation 126 Fitness:0.697029
0.015102 0.108203 -1.155706 -0.234222 0.030929 0.212737 -0.055735 0.021262 -1.140287 0.090742 0.054118 -0.004853 0.000248 0.099267 -6.190482 0.021174 -0.164175 -0.678575 -0.021496 
Generation 127 Fitness:1.290884
0.004155 0.076209 -7.690451 -0.329068 0.047901 0.212383 -0.055909 0.033932 -1.873309 0.177690 0.054118 -0.092868 -0.000723 0.112733 -1.720682 -0.136161 -0.085565 -0.140908 -0.004155 
Generation 128 Fitness:0.724729
0.015097 0.100628 -1.536596 -0.348025 0.175362 0.212383 -0.054746 0.012804 -1.907551 0.161330 0.054118 -0.072872 0.035899 0.079407 -8.039105 -0.082137 -0.436278 0.318613 -0.004155 
Generation 129 Fitness:0.517578
0.004135 0.053399 -7.690451 -0.302159 0.093270 0.100739 -0.055735 0.133911 -1.057962 0.209324 0.054118 -0.072314 -0.032607 0.079407 -8.822469 0.013707 -0.164175 -0.111580 -0.017726 
Generation 130 Fitness:0.643020
0.025366 0.067516 -7.197310 -0.251554 0.027249 0.212383 -0.055735 0.033932 -0.943849 0.144993 -0.028937 -0.004853 -0.000723 0.079407 -1.649389 -0.039498 -0.198661 -0.111580 0.000075 
Generation 131 Fitness:0.661945
0.015095 0.097267 -7.197310 -0.155075 0.093270 0.062810 -0.042806 0.021262 -3.809649 0.232098 -0.037572 -0.045077 -0.020272 0.079407 -1.609461 0.024549 -0.326902 0.516931 -0.017726 
Generation 132 Fitness:0.358905
0.017652 0.067647 -1.206684 -0.237232 -0.020625 0.240828 -0.055909 0.013750 -0.540557 0.161334 -0.046662 0.012347 -0.000723 0.077289 -1.465214 -0.097135 -0.291734 0.426363 0.004398 
Generation 133 Fitness:1.569725
0.044717 0.053407 -1.815775 -0.370747 0.047901 0.271212 -0.060371 -0.009640 -1.140287 0.144993 0.054118 -0.092868 0.021031 0.035621 -6.927055 -0.101793 -0.197605 0.247862 0.043158 
Generation 134 Fitness:0.789643
0.015096 0.076126 -1.600748 -0.309370 0.047901 0.180507 -0.019710 0.017287 -5.057525 0.224455 -0.063263 -0.023560 -0.010333 0.079407 -1.724803 -0.110749 -0.343503 0.566754 0.004398 
Generation 135 Fitness:1.054447
0.017652 0.055986 -4.267504 -0.309370 0.030929 0.240828 -0.054746 0.023299 -1.820031 0.256282 -0.004242 -0.072250 0.021637 0.112733 -6.927055 -0.034923 -0.220139 0.121306 0.004398 
Generation 136 Fitness:1.003999
0.030697 0.123201 -8.490462 -0.302159 0.066389 0.240828 -0.055909 0.021262 -9.243855 0.087818 0.054118 -0.072872 0.000248 0.063783 -1.486465 0.021174 -0.101343 -0.473267 0.004398 
Generation 137 Fitness:0.862260
0.030708 0.076380 -0.904483 -0.302159 -0.009624 0.299610 -0.043239 0.013750 -1.230528 0.209324 -0.006814 -0.072872 -0.000723 0.079407 -5.089646 0.021174 -0.414399 0.359833 0.000075 
Generation 138 Fitness:0.786667
0.025366 0.076126 -5.583754 -0.251554 0.030929 0.212737 -0.042806 0.015299 -1.023995 0.272235 -0.053141 -0.098275 -0.000723 0.093401 -6.927055 0.084874 -0.220139 0.013341 -0.004155 
Generation 139 Fitness:0.958595
0.017652 0.090747 -4.066408 -0.237232 0.030929 0.180507 -0.055735 0.023043 -1.023995 0.224455 -0.077077 0.012347 0.001724 0.039661 -7.710613 0.187632 -0.291734 0.219812 0.007036 
Generation 140 Fitness:0.636405
0.017652 0.126032 -1.817735 -0.302159 0.093270 0.209570 -0.036801 0.000899 -1.809919 0.099055 0.027284 -0.004853 -0.000723 0.063783 -6.927055 -0.136161 -0.291734 0.411645 0.007036 
Generation 141 Fitness:0.618240
0.023242 0.102612 -5.047036 -0.264562 0.093270 0.180507 -0.055735 0.015299 -1.165779 0.256282 -0.037572 -0.045077 -0.000723 0.035621 -0.980888 0.089926 -0.291222 -0.447999 0.007036 
Generation 142 Fitness:0.567868
0.030706 0.090747 -8.436469 -0.215184 0.030929 0.240828 -0.047248 0.015299 -8.174521 0.099055 0.054118 -0.051936 -0.021703 0.077848 -1.724803 -0.088082 -0.198661 0.295291 0.007036 
Generation 143 Fitness:0.891394
0.015090 0.074078 -1.811737 -0.237232 0.014082 0.242338 -0.042806 0.023043 -0.646312 0.177690 -0.006814 -0.023560 -0.000723 0.077289 -6.927055 0.121222 -0.302756 -0.447999 0.007036 
Generation 144 Fitness:0.475977
0.023231 0.067249 -5.583754 -0.265116 0.064955 0.149281 -0.060371 0.012804 -1.151667 0.218890 -0.035862 -0.044376 0.021637 0.093544 -1.659146 -0.136161 -0.291734 0.332734 0.007036 
Generation 145 Fitness:0.395803
0.030716 0.055986 -6.036578 -0.215184 0.030929 0.149281 -0.055909 0.013750 -1.408394 0.211874 -0.009714 -0.072250 -0.000836 0.071279 -1.872393 0.035551 -0.302756 0.164810 0.007036 
Generation 146 Fitness:0.601363
0.015089 0.074363 -4.267504 -0.264562 0.047901 0.212383 -0.042806 0.048114 -8.488980 0.224455 -0.037572 0.037385 0.035650 0.077665 -1.217348 -0.035007 -0.340898 -0.488880 -0.004155 
Generation 147 Fitness:0.547112
0.044331 0.082523 -5.583754 -0.234222 0.099157 0.062553 -0.055735 0.015299 -1.825096 0.161334 0.018470 -0.044376 -0.010333 0.039661 -5.089646 -0.034923 -0.220139 0.426363 0.004398 
Generation 148 Fitness:0.506076
0.030709 0.055190 -1.815567 -0.282565 0.014545 0.212383 -0.060371 0.015299 -3.809649 0.105153 0.018470 0.013558 -0.000723 0.077848 -1.329690 -0.016349 -0.207316 -0.038915 0.004398 
Generation 149 Fitness:0.879775
0.004136 0.072939 -0.748910 -0.215184 -0.009624 0.212383 -0.012077 0.012804 -1.881528 0.108013 0.043020 -0.044376 -0.000723 0.077665 -7.377418 -0.034923 -0.305323 0.164219 0.007036 
Generation 150 Fitness:0.617072
0.030220 0.108977 -8.490462 -0.180948 0.066389 0.095916 -0.042806 0.023043 -8.488980 0.141974 0.079450 -0.092868 -0.000723 0.077409 -1.465214 0.021174 -0.326902 0.164810 -0.021496 
Generation 151 Fitness:0.215637
0.028308 0.061316 -5.584099 -0.200017 0.047901 0.100739 -0.055909 0.012804 -1.379373 0.161330 0.018470 -0.044376 0.021637 0.079407 -1.822164 -0.034923 -0.326902 0.337032 -0.017726 
Generation 152 Fitness:1.305703
0.023232 0.090747 -1.666617 -0.264562 0.014082 0.240828 -0.054746 0.011316 -1.708042 0.224967 -0.006814 -0.066321 -0.003712 0.099267 -5.089646 0.040897 -0.306366 -0.111580 0.007036 
Generation 153 Fitness:0.363309
0.028097 0.055190 -5.711081 -0.265116 0.032321 0.164465 -0.042806 0.015299 -0.338652 0.161330 -0.009714 -0.023560 -0.000723 0.077848 -1.862557 0.026616 -0.276072 0.239691 -0.004598 
Generation 154 Fitness:0.615634
0.025367 0.053399 -1.334704 -0.264562 -0.009624 0.212383 -0.060371 0.048114 -1.365049 0.161330 0.043020 -0.074752 -0.000836 0.099267 -5.867003 -0.082137 -0.110418 -0.157392 -0.004598 
Generation 155 Fitness:0.540350
0.026594 0.072964 -8.833427 -0.264562 0.027249 0.149281 -0.055735 0.015299 -1.283500 0.099055 0.012254 0.013558 -0.000723 0.079407 -1.412238 0.021182 -0.220139 0.383029 0.000075 
Generation 156 Fitness:0.430945
0.015081 0.090747 -8.490462 -0.209566 0.093270 0.061660 -0.043239 0.015299 -1.057962 0.127028 0.031697 0.000862 0.001724 0.063783 -1.329690 -0.089361 -0.291734 0.359833 0.007036 
Generation 157 Fitness:1.029444
0.028086 0.064775 -6.036578 -0.302159 0.041757 0.240828 -0.055735 0.023299 -0.879056 0.161334 0.018470 -0.044376 -0.000723 0.077289 -1.678497 0.021174 -0.291734 -0.166901 0.015118 
Generation 158 Fitness:0.454225
0.047098 0.064775 -5.047036 -0.155075 0.047901 0.062810 -0.060371 -0.003562 -1.727599 0.161334 -0.006814 -0.044376 -0.000723 0.063783 -1.938265 0.021174 -0.302756 0.164810 0.004398 
Generation 159 Fitness:0.784227
0.017652 0.082523 -7.197310 -0.200017 0.047901 0.121369 -0.060371 0.023043 -1.833365 0.218890 -0.006814 -0.072872 -0.003712 0.079407 -1.387778 0.073240 -0.302756 0.219812 -0.021496 
Generation 160 Fitness:0.391154
0.025366 0.072939 -1.969256 -0.264562 0.047901 0.145846 -0.055735 0.012804 -1.051699 0.161330 -0.006814 -0.044376 -0.000723 0.079407 -4.905100 0.053942 -0.343503 0.383029 0.007036 
Generation 161 Fitness:0.253314
0.017652 0.090747 -1.815775 -0.237232 0.066389 0.164465 -0.060371 -0.009640 -8.375161 0.108013 -0.009714 -0.019347 -0.000723 0.077289 -1.872393 0.021174 -0.343503 0.411645 -0.004155 
Generation 162 Fitness:0.635544
0.022424 0.092510 -4.437882 -0.186071 0.047901 0.149281 -0.054746 0.012804 -9.332457 0.161334 -0.009714 -0.044376 0.001724 0.079407 -1.789380 0.013451 -0.380880 0.160095 0.007036 
Generation 163 Fitness:0.680538
0.035107 0.076380 -1.761472 -0.254432 0.047901 0.149281 -0.055735 0.015299 -1.447204 0.177690 0.012254 -0.044376 -0.000723 0.077665 -5.089646 -0.039498 -0.343503 0.121306 0.007036 
Generation 164 Fitness:0.432513
0.030682 0.076380 -8.393693 -0.234222 0.066389 0.212737 -0.042806 0.015299 -1.697465 0.141974 0.006013 -0.019347 -0.000723 0.077665 -1.834740 0.056650 -0.305323 0.164810 -0.021838 
Generation 165 Fitness:0.699190
0.030131 0.097267 -4.437882 -0.251554 0.064955 0.212737 -0.055909 0.015299 -6.956258 0.161334 -0.006814 -0.045077 -0.010333 0.077289 -1.789380 0.035551 -0.291734 -0.111580 -0.004598 
Generation 166 Fitness:1.039030
0.036122 0.090747 -5.047036 -0.265116 0.066389 0.121369 -0.060371 0.017287 -0.813520 0.127028 0.007972 -0.044376 0.001724 0.079407 -5.089646 0.037247 -0.291734 0.383029 0.004398 
Generation 167 Fitness:0.702776
0.022424 0.081142 -1.659252 -0.234222 0.032321 0.164465 -0.055735 0.012804 -8.113017 0.177690 -0.028937 -0.023560 -0.000836 0.079407 -1.659146 -0.089361 -0.302756 0.182416 0.004398 
Generation 168 Fitness:0.357138
0.035107 0.061316 -5.675376 -0.230126 0.032321 0.212383 -0.055735 0.015299 -1.727599 0.209324 -0.006814 -0.044376 -0.000723 0.079407 -1.872609 -0.089361 -0.326902 0.516931 -0.004598 
Generation 169 Fitness:0.750001
0.026586 0.072939 -5.583754 -0.234222 0.093270 0.100739 -0.055735 0.001021 -1.395474 0.174501 0.018470 -0.048754 -0.000723 0.077848 -1.914578 0.021174 -0.291734 0.056070 0.000075 
Generation 170 Fitness:0.855050
0.028308 0.076126 -5.583754 -0.237232 0.064955 0.149281 -0.055735 0.033932 -8.375161 0.209324 0.043020 -0.072250 -0.000723 0.077665 -1.613568 0.024549 -0.291222 -0.006147 -0.017726 
Generation 171 Fitness:0.951130
0.023231 0.075839 -1.969256 -0.230126 0.045853 0.149281 -0.054746 0.017287 -1.734304 0.161334 0.006013 -0.023560 -0.000836 0.071279 -1.700903 -0.039498 -0.302756 -0.111580 0.004398 
Generation 172 Fitness:0.842202
0.026586 0.067249 -7.197310 -0.251554 0.074581 0.121369 -0.044854 0.000899 -0.179042 0.165213 -0.009714 -0.050720 -0.000723 0.079407 -1.940550 0.036788 -0.291734 0.056070 0.007036 
Generation 173 Fitness:0.400317
0.017652 0.076126 -1.811737 -0.264562 0.066389 0.180507 -0.067137 0.017287 -8.488980 0.177690 0.018470 -0.044376 0.001724 0.089946 -1.902865 -0.034923 -0.326902 0.219812 -0.004155 
Generation 174 Fitness:0.382078
0.025366 0.076380 -1.924081 -0.265116 0.066389 0.145846 -0.055735 0.021262 -5.616225 0.177690 -0.009714 -0.023560 -0.000723 0.063783 -1.651989 0.024549 -0.352613 0.219812 0.000075 
Generation 175 Fitness:0.733416
0.030694 0.072939 -4.437882 -0.236270 0.045853 0.212383 -0.055735 0.013750 -1.530938 0.165245 0.007972 -0.048754 -0.000723 0.079407 -1.938265 0.021174 -0.276072 -0.111580 -0.004598 
Generation 176 Fitness:0.619981
0.036122 0.067516 -5.853556 -0.237232 0.045853 0.164465 -0.055909 -0.003562 -5.057525 0.165213 0.018470 -0.023560 0.000248 0.077848 -1.829547 0.021174 -0.326902 0.337032 -0.004155 
Generation 177 Fitness:0.649314
0.014821 0.067516 -1.724562 -0.265116 0.030929 0.212383 -0.055909 0.015299 -5.291595 0.165245 0.011230 -0.023560 -0.000723 0.079407 -1.872729 0.017087 -0.326902 0.164810 0.007036 
Generation 178 Fitness:0.418497
0.028074 0.075839 -1.962870 -0.264562 0.064955 0.164465 -0.055735 0.000899 -1.481637 0.141974 -0.009714 -0.023560 -0.000723 0.079407 -1.811361 -0.035007 -0.291734 0.056070 0.007036 
Generation 179 Fitness:0.914605
0.028069 0.062295 -1.927738 -0.234222 0.030929 0.164465 -0.055735 0.012804 -8.307428 0.161330 -0.009714 -0.045077 -0.000723 0.079407 -1.938265 0.024549 -0.347472 0.383029 0.000075 
Generation 180 Fitness:0.632070
0.026586 0.081142 -1.427770 -0.264562 0.045853 0.164465 -0.058889 0.015299 -9.243855 0.165213 -0.009714 -0.004853 -0.000723 0.077289 -1.811361 -0.088082 -0.331921 0.160095 0.007020 
Generation 181 Fitness:1.177968
0.030681 0.067249 -1.560889 -0.265116 0.066389 0.149281 -0.055735 -0.008850 -1.809919 0.161334 -0.009714 -0.044376 -0.000723 0.093544 -1.872609 -0.034859 -0.335793 0.121306 0.007036 
Generation 182 Fitness:0.926140
0.025366 0.075839 -1.947960 -0.237232 0.027249 0.145846 -0.054746 0.001021 -5.653190 0.161334 -0.004242 -0.044376 -0.000723 0.089946 -1.902865 0.007791 -0.343503 0.029590 0.007036 
Generation 183 Fitness:0.831333
0.028613 0.076638 -1.969256 -0.237232 0.045853 0.164465 -0.055735 0.015299 -8.174521 0.161334 -0.009714 -0.050720 -0.000723 0.077665 -1.914578 0.007791 -0.343503 0.123461 0.000075 
Generation 184 Fitness:0.990495
0.030678 0.064775 -1.986967 -0.265116 0.047901 0.145846 -0.055735 0.015299 -5.176782 0.177690 0.012254 -0.023560 0.001724 0.079407 -1.659146 -0.035007 -0.331921 0.182416 -0.004155 
Generation 185 Fitness:0.400387
0.025366 0.067516 -1.842274 -0.237232 0.045853 0.145846 -0.054746 0.015299 -1.809919 0.148515 -0.006814 -0.044376 -0.000723 0.079407 -1.875317 -0.016349 -0.331921 0.295291 -0.004155 
Generation 186 Fitness:0.312235
0.025366 0.062295 -1.814389 -0.237232 0.047901 0.149281 -0.055735 0.000899 -3.809649 0.141974 -0.009714 -0.019347 -0.000723 0.079407 -1.938265 0.017087 -0.297375 0.219812 0.000075 
Generation 187 Fitness:0.748494
0.023231 0.072939 -1.778685 -0.237232 0.027249 0.180507 -0.060371 0.012804 -5.653190 0.161334 -0.006814 -0.028510 -0.000723 0.079407 -1.609461 -0.039434 -0.306366 0.219812 0.000075 
Generation 188 Fitness:0.466115
0.028063 0.061316 -1.815775 -0.237232 0.030929 0.164473 -0.055909 0.015299 -5.176782 0.141974 -0.006814 -0.014454 -0.003712 0.079407 -1.902865 0.005259 -0.305323 0.247862 0.000075 
Generation 189 Fitness:0.484273
0.028070 0.067516 -1.986967 -0.244624 0.047901 0.164465 -0.055909 0.015299 -8.266376 0.161334 -0.006814 -0.023560 -0.000723 0.077665 -1.872729 -0.016349 -0.326902 0.219812 0.004398 
Generation 190 Fitness:0.368747
0.028071 0.067249 -1.814389 -0.264562 0.045853 0.164465 -0.055735 0.017287 -8.488980 0.161330 -0.009714 -0.023560 -0.000723 0.071279 -1.775275 0.013451 -0.291734 0.219812 -0.004598 
Generation 191 Fitness:0.446080
0.030683 0.062295 -1.986967 -0.254432 0.047901 0.145846 -0.055735 0.023043 -8.113017 0.148515 0.012254 -0.044376 -0.000723 0.079407 -1.872609 0.024549 -0.343503 0.219812 -0.004155 
Generation 192 Fitness:0.670329
0.025366 0.076126 -1.969256 -0.234222 0.047901 0.128538 -0.055909 0.021262 -8.488980 0.161334 0.012254 -0.044376 0.001724 0.071279 -1.902663 -0.034923 -0.326838 0.114911 0.007036 
Generation 193 Fitness:0.393195
0.028066 0.064775 -1.791728 -0.264562 0.045853 0.164465 -0.055909 0.015299 -8.488980 0.144993 -0.006814 -0.019347 -0.000723 0.077848 -1.811361 0.035039 -0.302756 0.182416 -0.004155 
Generation 194 Fitness:0.331300
0.025366 0.062303 -1.986967 -0.244624 0.045853 0.145846 -0.054746 0.015299 -8.633186 0.148515 -0.006814 -0.014390 -0.000723 0.077289 -1.728173 0.026616 -0.305323 0.164810 0.000075 
Generation 195 Fitness:0.631712
0.025366 0.064775 -3.348523 -0.237232 0.047901 0.164465 -0.054387 0.015299 -3.809649 0.165213 0.012254 -0.044376 0.000248 0.077289 -1.872609 0.007791 -0.306366 0.029590 0.004398 
Generation 196 Fitness:1.693078
0.030673 0.072939 -1.842274 -0.234222 0.030929 0.145846 -0.055909 0.015299 -1.831307 0.161334 0.006013 -0.051936 -0.000723 0.077665 -1.716237 -0.035007 -0.326902 0.121306 -0.004155 
Generation 197 Fitness:1.227640
0.023231 0.072939 -1.986967 -0.234222 0.032321 0.149281 -0.055909 0.015299 -8.966869 0.165213 0.018470 -0.044376 -0.000723 0.077289 -1.862557 -0.034923 -0.318412 0.164810 0.007036 
Generation 198 Fitness:1.085793
0.030670 0.072939 -1.942987 -0.234222 0.045765 0.145846 -0.055735 0.013750 -1.418998 0.161394 0.012254 -0.044376 -0.000723 0.077848 -1.960558 -0.039498 -0.343503 0.125164 -0.004598 
Generation 199 Fitness:0.652497
0.028058 0.072939 -1.986967 -0.237232 0.045853 0.164465 -0.055735 0.012804 -9.243855 0.161334 -0.006814 -0.023560 0.000248 0.079407 -1.816783 0.007791 -0.326902 0.013341 0.000075 
Generation 200 Fitness:0.596846
0.030197 0.067516 -1.969256 -0.234222 0.030929 0.180507 -0.055735 0.016323 -4.732419 0.161334 0.006013 -0.044376 -0.000979 0.079407 -1.872609 -0.034923 -0.318412 0.121306 0.000075 
Generation 201 Fitness:0.270426
0.026586 0.067516 -1.986967 -0.254432 0.045853 0.164473 -0.055909 0.013750 -5.291595 0.161334 -0.006814 -0.044376 -0.000723 0.071279 -1.829547 0.021174 -0.318412 0.239691 0.000075 
Generation 202 Fitness:0.685086
0.028963 0.067516 -1.986967 -0.251554 0.045765 0.164465 -0.055735 0.012804 -9.332457 0.161330 -0.006814 -0.023560 -0.000723 0.078895 -1.701475 0.013707 -0.335793 0.164810 0.000075 
Generation 203 Fitness:1.332464
0.025366 0.064775 -1.986967 -0.237232 0.030929 0.164465 -0.055909 0.015299 -8.488980 0.177690 0.007972 -0.014390 -0.000723 0.077289 -1.980943 0.021174 -0.326902 0.056070 0.004398 
Generation 204 Fitness:1.263990
0.030658 0.067516 -1.937220 -0.237232 0.031185 0.164465 -0.054746 0.015299 -8.488980 0.177690 -0.006814 -0.019347 0.000248 0.079407 -2.073505 0.007791 -0.331921 0.121306 -0.004155 
Generation 205 Fitness:0.420017
0.028062 0.064775 -1.986967 -0.254432 0.045853 0.164465 -0.055735 0.017287 -9.243855 0.165213 -0.009714 -0.044376 -0.000723 0.079407 -1.728173 0.024549 -0.326902 0.252378 -0.004598 
Generation 206 Fitness:0.495082
0.028047 0.064775 -1.947960 -0.247523 0.036516 0.164465 -0.055909 0.013750 -8.113017 0.161334 -0.006814 -0.044376 -0.000723 0.079896 -1.872393 0.013451 -0.306366 0.239691 -0.004155 
Generation 207 Fitness:0.763375
0.030656 0.072939 -1.937220 -0.254432 0.047901 0.149281 -0.055735 0.015299 -8.488980 0.177690 0.012254 -0.044376 -0.000723 0.077665 -1.872609 -0.034923 -0.335793 0.219812 0.000075 
Generation 208 Fitness:0.454783
0.028308 0.067516 -1.986967 -0.234222 0.030929 0.164465 -0.055909 0.017287 -9.332457 0.165213 -0.006814 -0.023560 -0.000723 0.079407 -1.872609 0.007791 -0.326902 0.123461 0.000075 
Generation 209 Fitness:0.683534
0.028308 0.072939 -1.969256 -0.251554 0.047901 0.164465 -0.054746 0.012804 -8.488980 0.165213 -0.006814 -0.019347 0.000248 0.079407 -1.980943 0.013451 -0.335793 0.114911 -0.004155 
Generation 210 Fitness:0.775973
0.025366 0.076638 -1.969256 -0.237232 0.036516 0.164465 -0.055909 0.012804 -7.797452 0.177690 0.006013 -0.051936 -0.000723 0.077848 -1.877920 0.007791 -0.343503 0.056070 0.000075 
Generation 211 Fitness:0.908969
0.028050 0.072939 -1.904536 -0.237232 0.032321 0.164465 -0.055909 0.012804 -3.809649 0.161334 0.006013 -0.028510 0.000248 0.079407 -1.902663 0.013707 -0.343503 0.084644 -0.004155 
Generation 212 Fitness:0.713105
0.028060 0.072939 -1.969256 -0.247523 0.030929 0.164465 -0.055735 0.012804 -6.037759 0.177690 -0.004242 -0.050720 -0.000723 0.079407 -1.960558 0.007791 -0.326902 0.121306 0.000075 
Generation 213 Fitness:0.930647
0.030657 0.067516 -4.084120 -0.237232 0.047901 0.164465 -0.055735 0.012804 -8.966869 0.177688 0.012254 -0.023560 -0.000723 0.079407 -1.708126 0.013451 -0.318412 0.123461 -0.004598 
Generation 214 Fitness:0.901374
0.028055 0.067249 -4.084121 -0.237232 0.047901 0.164465 -0.055735 0.013750 -3.809649 0.177690 0.007972 -0.019347 -0.000723 0.079407 -1.872609 0.026616 -0.318412 0.084644 0.000075 
Generation 215 Fitness:0.800730
0.030668 0.067516 -1.986967 -0.236270 0.030929 0.164465 -0.055909 0.012804 -5.176782 0.177682 -0.006814 -0.019347 0.000248 0.077665 -1.829547 -0.016349 -0.335793 0.121306 0.000075 
Generation 216 Fitness:0.271794
0.028308 0.067260 -1.969256 -0.244496 0.045853 0.164465 -0.052179 0.015299 -5.176782 0.165213 -0.006814 -0.019347 -0.003712 0.077289 -2.028517 0.013451 -0.326902 0.164810 -0.004598 
Generation 217 Fitness:0.772509
0.026586 0.072939 -1.969256 -0.250606 0.030929 0.164465 -0.055909 0.013750 -5.653190 0.165213 0.007972 -0.045077 -0.000723 0.079896 -1.816216 0.013451 -0.335793 0.121306 0.000075 
Generation 218 Fitness:0.581099
0.026586 0.072939 -1.937220 -0.244624 0.030929 0.164465 -0.054746 0.015299 -6.109674 0.161334 -0.006814 -0.023560 -0.000723 0.077289 -1.938265 0.013707 -0.326902 0.164746 0.000075 
Generation 219 Fitness:0.538348
0.026586 0.067249 -1.969256 -0.244496 0.032321 0.180507 -0.055735 0.012292 -5.176782 0.165213 -0.004242 -0.023560 -0.000723 0.077289 -1.877920 0.013707 -0.302756 0.164810 -0.004155 
Generation 220 Fitness:0.931482
0.030656 0.072939 -1.969256 -0.247523 0.030929 0.164465 -0.055909 0.011316 -9.243855 0.165213 -0.006814 -0.023560 -0.000723 0.079407 -1.955657 0.007791 -0.326902 0.121306 0.000075 
Generation 221 Fitness:0.401030
0.028046 0.067516 -1.969256 -0.254432 0.036516 0.164465 -0.055909 0.011316 -8.488980 0.161334 -0.006814 -0.019347 -0.000723 0.077665 -1.914578 0.007791 -0.318412 0.219812 0.000075 
Generation 222 Fitness:0.430775
0.028068 0.067516 -1.969256 -0.254432 0.047901 0.164465 -0.054746 0.013750 -8.488980 0.161334 -0.004242 -0.044376 -0.000723 0.079407 -1.955657 0.007791 -0.326902 0.182416 0.000075 
Generation 223 Fitness:0.336134
0.028049 0.067260 -1.934694 -0.244624 0.027249 0.180507 -0.055735 0.011316 -8.488980 0.161334 -0.006814 -0.023560 -0.000723 0.077409 -1.990186 0.026616 -0.302756 0.164810 -0.004155 
Generation 224 Fitness:1.220409
0.030650 0.072939 -1.986967 -0.244624 0.032321 0.164465 -0.054746 0.012804 -8.488980 0.161334 0.006013 -0.019347 -0.000723 0.079407 -1.980943 0.013451 -0.335793 0.121306 -0.004155 
Generation 225 Fitness:0.931246
0.028308 0.067249 -1.947960 -0.251554 0.031440 0.164465 -0.054746 0.016323 -5.653190 0.161334 0.006013 -0.023560 0.001724 0.079407 -1.990186 0.013451 -0.343503 0.123717 0.000075 
Generation 226 Fitness:0.624869
0.030650 0.067516 -2.002024 -0.237232 0.036516 0.180507 -0.055735 0.015299 -5.176782 0.161334 -0.009714 -0.019347 -0.000836 0.079407 -1.816783 -0.016349 -0.335793 0.114911 0.000075 
Generation 227 Fitness:1.109779
0.030649 0.067516 -1.986967 -0.244624 0.030929 0.164465 -0.054746 0.013750 -5.653190 0.165213 -0.006814 -0.019347 -0.000723 0.079407 -1.872609 0.007791 -0.335793 0.121306 0.000075 
Generation 228 Fitness:0.636844
0.025366 0.067249 -1.969256 -0.247523 0.036516 0.180507 -0.054746 0.013750 -5.616225 0.160818 -0.006814 -0.019347 -0.000723 0.077848 -1.955657 0.013707 -0.318412 0.164810 0.000075 
Generation 229 Fitness:1.031074
0.028047 0.072939 -1.986967 -0.254432 0.047901 0.158005 -0.055909 0.013750 -5.176782 0.161334 0.006013 -0.023560 -0.000723 0.079407 -1.990186 0.007791 -0.343503 0.121306 0.001099 
Generation 230 Fitness:0.688926
0.028038 0.067516 -1.969256 -0.237232 0.030929 0.164465 -0.055735 0.021262 -8.488980 0.165213 -0.006814 -0.019347 -0.000723 0.079407 -1.990186 0.024549 -0.326838 0.162143 -0.004155 
Generation 231 Fitness:1.144552
0.028035 0.072939 -1.969256 -0.244496 0.032321 0.164465 -0.055735 0.015299 -5.057525 0.161334 -0.006814 -0.023560 0.000248 0.079407 -1.872609 0.007791 -0.335793 0.121306 0.000075 
Generation 232 Fitness:1.239725
0.028048 0.072939 -1.986967 -0.254432 0.043805 0.164465 -0.055909 0.013750 -5.176782 0.161334 -0.006814 -0.023560 -0.000723 0.079407 -1.877920 0.007791 -0.340898 0.160095 0.000075 
Generation 233 Fitness:0.716741
0.026586 0.067516 -1.969256 -0.244624 0.027249 0.180507 -0.054746 0.017287 -3.809649 0.161330 -0.004242 -0.023560 -0.000723 0.077848 -1.980943 0.007791 -0.326902 0.121306 0.000075 
Generation 234 Fitness:0.587558
0.030094 0.067516 -1.986967 -0.244496 0.032335 0.180507 -0.055909 0.017287 -8.488980 0.161330 -0.004242 -0.023560 -0.000723 0.079407 -1.938265 0.007791 -0.326902 0.160095 0.000075 
Generation 235 Fitness:1.338162
0.030091 0.072939 -1.986967 -0.244624 0.030929 0.172657 -0.055909 0.015299 -5.653190 0.161334 -0.006814 -0.023560 -0.000836 0.077665 -1.955657 0.007791 -0.335793 0.164810 0.000075 
Generation 236 Fitness:0.635755
0.028308 0.067516 -1.970949 -0.251554 0.032321 0.164465 -0.055909 0.013750 -5.176782 0.161330 -0.004242 -0.023560 -0.000723 0.079407 -1.834740 0.004790 -0.331921 0.225631 0.000075 
Generation 237 Fitness:0.836354
0.028039 0.072939 -2.073222 -0.244624 0.032321 0.180507 -0.055909 0.015299 -5.176782 0.165245 -0.006878 -0.023560 -0.000723 0.079407 -1.980943 0.004790 -0.331921 0.160095 0.000075 
Generation 238 Fitness:1.456971
0.028047 0.072939 -1.986967 -0.244624 0.036516 0.164465 -0.055735 0.015299 -8.488980 0.161330 -0.004242 -0.014390 -0.000723 0.079407 -1.955657 0.007791 -0.331921 0.164808 0.000075 
Generation 239 Fitness:0.517532
0.028613 0.067249 -1.986967 -0.247523 0.036516 0.180507 -0.054746 0.015299 -8.266376 0.161394 -0.006814 -0.023560 -0.000723 0.079407 -1.938265 0.007791 -0.326902 0.164810 0.000075 
Generation 240 Fitness:0.389313
0.026609 0.067516 -1.969256 -0.246240 0.036516 0.180507 -0.055909 0.015299 -5.176782 0.161334 -0.006814 -0.014390 -0.000723 0.079407 -2.028517 0.007807 -0.326902 0.121306 0.000075 
Generation 241 Fitness:0.930647
0.028044 0.067233 -1.962870 -0.251554 0.032335 0.180507 -0.054746 0.017287 -4.965436 0.161330 -0.006814 -0.019347 -0.000723 0.079407 -1.990186 0.007791 -0.326902 0.160095 0.000075 
Generation 242 Fitness:1.043663
0.028051 0.072939 -1.962870 -0.244624 0.036516 0.164465 -0.055735 0.015299 -5.616225 0.161334 -0.004242 -0.019347 -0.000723 0.079407 -1.862557 0.007791 -0.335793 0.121306 0.000075 
Generation 243 Fitness:0.682924
0.028613 0.067516 -1.987479 -0.245424 0.032335 0.180507 -0.055735 0.017287 -5.291595 0.161330 -0.004242 -0.019347 -0.000723 0.079399 -2.028517 0.007791 -0.326902 0.121306 0.000075 
Generation 244 Fitness:0.390310
0.028308 0.067516 -1.969256 -0.244624 0.036516 0.180507 -0.055735 0.015299 -5.176782 0.161334 -0.009714 -0.023560 -0.000723 0.079407 -1.940550 0.007791 -0.335793 0.164810 0.000075 
Generation 245 Fitness:0.447647
0.028308 0.067260 -1.986967 -0.244624 0.032321 0.180507 -0.055735 0.017287 -4.882111 0.161334 -0.006814 -0.014390 -0.000723 0.077665 -1.955657 0.007791 -0.326902 0.121306 0.000075 
Generation 246 Fitness:1.144954
0.030104 0.067249 -1.986967 -0.244624 0.036516 0.164465 -0.054746 0.017287 -5.176782 0.165245 -0.006814 -0.019347 -0.000723 0.079791 -1.980943 0.007791 -0.335793 0.123461 0.000075 
Generation 247 Fitness:0.373312
0.028043 0.067260 -1.969256 -0.237104 0.036516 0.164593 -0.055735 0.017287 -5.653190 0.144950 -0.006814 -0.019347 -0.000723 0.079407 -1.955657 0.007791 -0.326902 0.164810 0.000075 
Generation 248 Fitness:0.922494
0.028040 0.067516 -1.986967 -0.244624 0.036516 0.180507 -0.054746 0.012804 -5.616225 0.161330 -0.004242 -0.014390 -0.000723 0.079407 -1.980943 0.007791 -0.331921 0.121306 0.000075 
Generation 249 Fitness:0.950480
0.028049 0.067516 -1.969256 -0.244624 0.036516 0.164465 -0.054387 0.015299 -5.057525 0.161334 -0.006814 -0.014390 0.000248 0.079407 -2.028517 0.007791 -0.335793 0.121306 0.000075 
Generation 250 Fitness:0.708714
0.028613 0.067516 -1.986967 -0.244624 0.036516 0.180507 -0.055735 0.015299 -4.882111 0.165213 -0.004242 -0.014454 -0.000723 0.079407 -2.028517 0.007791 -0.343503 0.121306 0.000075 
Generation 251 Fitness:0.491601
0.028613 0.067516 -2.073222 -0.244624 0.036516 0.172657 -0.054746 0.017287 -5.176782 0.161334 -0.004242 -0.023560 -0.000723 0.079407 -1.990186 0.007791 -0.335793 0.164810 0.000075 
Generation 252 Fitness:0.424750
0.028043 0.067516 -2.073222 -0.244624 0.036516 0.180507 -0.055735 0.015299 -5.176782 0.161334 -0.006814 -0.019347 -0.000723 0.079407 -2.028517 0.007791 -0.335793 0.160095 0.000075 
Generation 253 Fitness:1.060369
0.028051 0.067647 -1.986967 -0.244624 0.030929 0.180507 -0.055735 0.017287 -5.176782 0.165213 -0.004242 -0.019347 0.000248 0.079407 -2.028517 0.007791 -0.335793 0.121306 0.000075 
Generation 254 Fitness:1.406431
0.028050 0.067516 -1.986967 -0.244624 0.032335 0.164465 -0.054746 0.015299 -5.057525 0.165197 -0.004242 -0.019347 0.001724 0.079407 -1.955657 0.007791 -0.335793 0.123461 0.001099 
Generation 255 Fitness:0.740413
0.028308 0.067516 -2.073222 -0.245424 0.032321 0.172657 -0.054746 0.017287 -5.616225 0.161334 -0.004242 -0.014390 -0.000723 0.079407 -1.980943 0.007791 -0.331921 0.164810 0.000075 
Generation 256 Fitness:0.367232
0.028043 0.067516 -2.073222 -0.244624 0.036516 0.180507 -0.055909 0.017287 -5.616225 0.161330 -0.006814 -0.019347 -0.000723 0.079407 -2.028517 0.007791 -0.335793 0.164810 0.000075 
Generation 257 Fitness:0.340972
0.028038 0.067516 -2.073222 -0.244624 0.036516 0.180507 -0.055735 0.015299 -5.653190 0.161334 -0.006814 -0.023560 -0.000723 0.079407 -1.980943 0.007791 -0.331921 0.160095 0.000075 
Generation 258 Fitness:1.273674
0.028308 0.067516 -2.073222 -0.244624 0.036516 0.180507 -0.054746 0.017287 -5.653190 0.161334 -0.004242 -0.019347 -0.000723 0.079896 -1.980943 0.007791 -0.335793 0.121306 0.000075 
Generation 259 Fitness:0.644927
0.028613 0.067516 -1.986967 -0.244624 0.030929 0.180507 -0.055735 0.015299 -5.653190 0.161334 -0.004242 -0.019347 0.000248 0.079407 -2.028517 0.007791 -0.335793 0.182416 0.000075 
Generation 260 Fitness:0.688533
0.028037 0.067647 -1.986967 -0.247523 0.032321 0.180507 -0.055735 0.021262 -5.653190 0.161334 -0.006814 -0.019347 -0.000723 0.079407 -2.028517 0.007791 -0.335793 0.164810 0.000075 
Generation 261 Fitness:1.015225
0.028308 0.067516 -2.073222 -0.244624 0.032335 0.180507 -0.054746 0.015299 -5.283403 0.165213 -0.006814 -0.019347 0.000248 0.079407 -2.028517 0.004790 -0.335793 0.160095 0.000075 
Generation 262 Fitness:0.533668
0.028308 0.067516 -2.073222 -0.244624 0.036516 0.180507 -0.054682 0.017285 -5.176782 0.161334 -0.006814 -0.019347 -0.000723 0.079407 -1.990186 0.004790 -0.335793 0.160095 0.000075 
Generation 263 Fitness:0.651741
0.028613 0.067516 -2.073222 -0.244624 0.032321 0.180507 -0.054387 0.017287 -5.653190 0.161334 -0.004242 -0.019347 -0.000723 0.079407 -2.028517 0.007791 -0.335793 0.164810 0.000075 
Generation 264 Fitness:1.074126
0.028613 0.067516 -1.986967 -0.244624 0.032328 0.182049 -0.054746 0.015299 -5.653190 0.165213 -0.004754 -0.014454 -0.000723 0.079407 -2.028517 0.007783 -0.335793 0.164810 0.000075 
Generation 265 Fitness:0.855026
0.028613 0.067516 -2.073222 -0.244624 0.032321 0.180507 -0.054746 0.015299 -5.653190 0.161334 -0.004242 -0.014390 -0.000723 0.079407 -1.990186 0.004790 -0.335793 0.160095 0.000075 
Generation 266 Fitness:0.402531
0.028044 0.067249 -2.073222 -0.244624 0.032321 0.180507 -0.055735 0.017351 -5.176782 0.161334 -0.004242 -0.023560 0.000248 0.079407 -2.028517 0.007791 -0.335793 0.164810 0.000075 
Generation 267 Fitness:0.363999
0.028040 0.067249 -2.073222 -0.246240 0.036516 0.180507 -0.055735 0.017287 -5.653190 0.161334 -0.006814 -0.019347 -0.000723 0.079407 -2.028517 0.004790 -0.326902 0.164810 0.000075 
Generation 268 Fitness:1.244980
0.028549 0.067516 -2.073222 -0.244624 0.032335 0.180507 -0.054746 0.015299 -5.653190 0.161330 -0.004242 -0.014390 -0.000723 0.079407 -2.028517 0.007791 -0.335793 0.164814 0.001099 
Generation 269 Fitness:0.775980
0.028613 0.067249 -2.073222 -0.247523 0.036516 0.180507 -0.054746 0.015299 -5.747297 0.161334 -0.004242 -0.019347 -0.000723 0.081455 -2.028517 0.007791 -0.335793 0.164810 0.000075 
Generation 270 Fitness:1.051000
0.028045 0.067516 -2.073222 -0.251554 0.036516 0.180507 -0.054746 0.017287 -5.616225 0.165213 -0.004242 -0.014390 -0.000723 0.079407 -2.028517 0.007791 -0.335793 0.164814 0.000302 
Generation 271 Fitness:0.538624
0.028059 0.067249 -2.073222 -0.244624 0.036516 0.180507 -0.054746 0.017287 -5.291595 0.161334 -0.004242 -0.019347 -0.000723 0.079407 -2.020326 0.005259 -0.335793 0.132042 0.001099 
Generation 272 Fitness:1.645471
0.028048 0.069564 -2.073222 -0.247523 0.036516 0.180507 -0.054746 0.017287 -5.653190 0.165213 -0.004242 -0.019347 -0.000723 0.079407 -2.028517 0.007791 -0.335793 0.160095 0.000075 
Generation 273 Fitness:1.147151
0.028042 0.069297 -2.073222 -0.244624 0.036516 0.180507 -0.054746 0.016323 -5.616225 0.165213 -0.004242 -0.014390 -0.000723 0.079407 -2.028517 0.003695 -0.335793 0.160095 0.000075 
Generation 274 Fitness:1.176216
0.028046 0.069564 -2.073222 -0.244624 0.035492 0.180507 -0.054746 0.017287 -5.176782 0.161334 -0.004242 -0.019347 -0.000723 0.079407 -2.094054 0.005259 -0.335793 0.164808 0.000075 
Generation 275 Fitness:1.216445
0.028528 0.067903 -2.073222 -0.244624 0.036516 0.180507 -0.054746 0.015299 -5.653190 0.161334 -0.004242 -0.014454 -0.000723 0.081455 -2.094054 0.004790 -0.335793 0.160095 0.000075 
Generation 276 Fitness:1.016141
0.028051 0.067516 -2.073222 -0.247523 0.030929 0.180507 -0.054746 0.017287 -5.653190 0.161334 -0.004242 -0.014390 -0.000723 0.081455 -2.073505 0.007759 -0.335793 0.164810 0.000079 
Generation 277 Fitness:0.829673
0.028613 0.067516 -2.073222 -0.245424 0.032325 0.180507 -0.054387 0.017287 -5.176782 0.165213 -0.004242 -0.014454 -0.000723 0.081455 -2.094054 0.004790 -0.335793 0.164810 0.001099 
Generation 278 Fitness:0.632024
0.028062 0.067516 -2.073222 -0.247523 0.032321 0.180507 -0.054746 0.019335 -5.653190 0.161334 -0.004242 -0.014390 -0.000723 0.079407 -2.028517 0.007791 -0.335793 0.160095 0.000075 
Generation 279 Fitness:0.527447
0.028613 0.067516 -2.073222 -0.244624 0.036524 0.180507 -0.054746 0.017287 -5.176782 0.161334 -0.004242 -0.030838 -0.000723 0.079407 -2.073505 0.007791 -0.335793 0.160095 0.000075 
Generation 280 Fitness:0.844652
0.028048 0.067516 -2.073222 -0.244624 0.032321 0.180507 -0.054746 0.015299 -5.616225 0.161330 -0.004242 -0.010294 0.000248 0.079407 -2.073505 0.007791 -0.335793 0.164810 0.000075 
Generation 281 Fitness:0.627940
0.028037 0.067516 -2.073222 -0.244624 0.032335 0.180507 -0.054746 0.017287 -5.653190 0.165213 -0.004242 -0.014390 -0.000723 0.079407 -2.094054 0.004790 -0.335793 0.160095 0.001099 
Generation 282 Fitness:0.842177
0.028613 0.069564 -2.073222 -0.247523 0.032321 0.180507 -0.054746 0.017287 -5.291595 0.161334 -0.004242 -0.019347 -0.000723 0.079407 -2.073505 0.004790 -0.335793 0.164810 0.000075 
Generation 283 Fitness:0.740269
0.028308 0.067647 -2.073222 -0.247523 0.036516 0.180507 -0.054746 0.017287 -5.176782 0.161334 -0.004242 -0.014390 -0.000723 0.081455 -2.094054 0.005259 -0.335793 0.164810 0.000075 
Generation 284 Fitness:0.512461
0.028048 0.069564 -2.073222 -0.247523 0.032321 0.182049 -0.054746 0.017287 -5.599855 0.161330 -0.004242 -0.019347 -0.000723 0.079896 -2.094054 0.004790 -0.335793 0.164814 0.000587 
Generation 285 Fitness:0.289356
0.028308 0.067516 -2.073222 -0.244624 0.036524 0.180507 -0.054746 0.017287 -5.653190 0.157238 -0.004242 -0.019347 -0.000723 0.079407 -2.028517 0.004790 -0.335793 0.160095 0.000075 
Generation 286 Fitness:0.494770
0.028045 0.067516 -2.073222 -0.244624 0.034468 0.180507 -0.054746 0.017287 -5.653190 0.157238 -0.004242 -0.019347 -0.000595 0.079407 -2.028517 0.007791 -0.335793 0.164810 0.000075 
Generation 287 Fitness:0.635876
0.028613 0.067516 -2.073222 -0.245424 0.032321 0.180507 -0.054682 0.019335 -5.176782 0.161334 -0.006814 -0.019411 -0.000723 0.079896 -2.028517 0.004790 -0.335793 0.164810 0.000075 
Generation 288 Fitness:0.508395
0.028046 0.067516 -2.073222 -0.244624 0.032328 0.180507 -0.054746 0.019335 -5.653190 0.161330 -0.006814 -0.014390 -0.000723 0.079407 -2.073505 0.007791 -0.335793 0.164810 0.000075 
Generation 289 Fitness:0.184084
0.028057 0.067516 -2.073222 -0.245424 0.032321 0.188699 -0.054746 0.017287 -5.653190 0.161334 -0.006814 -0.019347 -0.000723 0.079407 -2.028517 0.004790 -0.335793 0.164810 0.000075 
Generation 290 Fitness:0.918700
0.028308 0.069564 -2.073222 -0.247523 0.032321 0.180507 -0.054746 0.017287 -5.176782 0.161330 -0.004242 -0.014390 -0.000723 0.079407 -2.073505 0.005743 -0.335793 0.164810 0.000075 
Generation 291 Fitness:0.484133
0.028049 0.067516 -2.073222 -0.244624 0.032328 0.188699 -0.054387 0.017287 -5.685958 0.161334 -0.006814 -0.019347 -0.000723 0.079407 -2.028517 0.004790 -0.335793 0.164810 0.000075 
Generation 292 Fitness:0.520263
0.028036 0.067516 -2.073222 -0.246240 0.032335 0.180507 -0.054746 0.017287 -5.061621 0.161334 -0.004242 -0.019347 -0.000211 0.079407 -2.073505 0.007791 -0.335793 0.181194 0.000075 
Generation 293 Fitness:0.493575
0.028049 0.067516 -2.073222 -0.244624 0.032321 0.188699 -0.054746 0.017287 -5.653190 0.161330 -0.004242 -0.019347 -0.000723 0.079407 -2.094054 0.005259 -0.335793 0.164810 0.000075 
Generation 294 Fitness:0.614364
0.028046 0.067516 -2.073222 -0.246240 0.032321 0.188699 -0.054387 0.017287 -5.653190 0.161334 -0.004242 -0.019347 0.000248 0.079407 -2.073505 0.004790 -0.335793 0.164808 0.000587 
Generation 295 Fitness:0.498210
0.028613 0.067516 -2.073222 -0.246240 0.034468 0.188699 -0.054746 0.017287 -5.176782 0.161334 -0.006814 -0.019347 -0.000723 0.079407 -2.094054 0.004790 -0.335793 0.164814 0.000075 
Generation 296 Fitness:0.386933
0.028046 0.067516 -2.073222 -0.245424 0.032325 0.180507 -0.054746 0.017287 -5.291595 0.161334 -0.004242 -0.019347 -0.000723 0.079407 -2.073505 0.005259 -0.335793 0.230346 0.000075 
Generation 297 Fitness:0.440978
0.028043 0.067516 -2.073222 -0.246240 0.032321 0.180507 -0.054746 0.021383 -5.653190 0.161330 -0.004242 -0.019347 -0.000723 0.079407 -2.073505 0.007791 -0.335793 0.164810 0.000075 
Generation 298 Fitness:1.080509
0.028613 0.067516 -2.073222 -0.247523 0.032321 0.182049 -0.054746 0.021383 -5.176782 0.161398 -0.004242 -0.019347 -0.000723 0.079896 -2.094054 0.004790 -0.335793 0.164814 0.000075 
Generation 299 Fitness:1.070586
0.028308 0.067516 -2.073222 -0.244624 0.032321 0.188699 -0.054746 0.019335 -5.599855 0.161334 -0.004242 -0.006198 -0.000723 0.079407 -2.073505 0.005743 -0.335793 0.160095 0.000075 
