4.106091
7.772334
6.402970
6.724363
7.192658
5.628238
8.382268
4.808263
1.676348
5.207945
8.148512
3.496666
2.811112
4.211925
5.171750
5.448153
6.598864
3.401425
2.473033
4.957088
4.623765
6.494232
5.790946
1.166351
3.438865
5.076863
4.602796
4.303241
3.556826
2.764608
4.348740
4.264791
2.513269
3.273315
2.277745
3.621866
2.111866
3.608010
2.733139
2.359020
1.104376
1.400060
2.313284
1.524515
1.959024
1.605165
1.069051
2.266438
1.678559
1.541257
1.266360
1.652887
1.919771
1.590861
1.086417
1.546400
1.643661
0.971646
1.886622
1.261198
1.569170
1.479180
1.151763
1.362335
1.660982
1.262970
1.011192
0.906736
0.810957
0.700524
0.917221
0.896368
1.234814
0.755160
1.991752
0.786042
1.134025
0.847510
0.986124
0.587233
1.122871
0.630097
0.782397
1.297201
0.633677
0.392890
1.014593
0.512209
0.709699
0.802494
0.621052
0.694873
0.807677
1.097649
0.775421
1.122400
0.764487
0.592302
0.681526
0.805041
0.768722
0.942320
0.450121
0.598205
1.026483
0.405390
0.243776
0.872744
1.016135
1.130778
0.653283
1.042957
1.609430
0.491830
0.464607
0.736475
0.639189
0.928187
1.270072
1.145205
0.726136
1.001968
0.409009
0.868537
0.777743
0.439115
0.697029
1.290884
0.724729
0.517578
0.643020
0.661945
0.358905
1.569725
0.789643
1.054447
1.003999
0.862260
0.786667
0.958595
0.636405
0.618240
0.567868
0.891394
0.475977
0.395803
0.601363
0.547112
0.506076
0.879775
0.617072
0.215637
1.305703
0.363309
0.615634
0.540350
0.430945
1.029444
0.454225
0.784227
0.391154
0.253314
0.635544
0.680538
0.432513
0.699190
1.039030
0.702776
0.357138
0.750001
0.855050
0.951130
0.842202
0.400317
0.382078
0.733416
0.619981
0.649314
0.418497
0.914605
0.632070
1.177968
0.926140
0.831333
0.990495
0.400387
0.312235
0.748494
0.466115
0.484273
0.368747
0.446080
0.670329
0.393195
0.331300
0.631712
1.693078
1.227640
1.085793
0.652497
0.596846
0.270426
0.685086
1.332464
1.263990
0.420017
0.495082
0.763375
0.454783
0.683534
0.775973
0.908969
0.713105
0.930647
0.901374
0.800730
0.271794
0.772509
0.581099
0.538348
0.931482
0.401030
0.430775
0.336134
1.220409
0.931246
0.624869
1.109779
0.636844
1.031074
0.688926
1.144552
1.239725
0.716741
0.587558
1.338162
0.635755
0.836354
1.456971
0.517532
0.389313
0.930647
1.043663
0.682924
0.390310
0.447647
1.144954
0.373312
0.922494
0.950480
0.708714
0.491601
0.424750
1.060369
1.406431
0.740413
0.367232
0.340972
1.273674
0.644927
0.688533
1.015225
0.533668
0.651741
1.074126
0.855026
0.402531
0.363999
1.244980
0.775980
1.051000
0.538624
1.645471
1.147151
1.176216
1.216445
1.016141
0.829673
0.632024
0.527447
0.844652
0.627940
0.842177
0.740269
0.512461
0.289356
0.494770
0.635876
0.508395
0.184084
0.918700
0.484133
0.520263
0.493575
0.614364
0.498210
0.386933
0.440978
1.080509
1.070586
