Affter 0 Generations:
No.  0 Fitness:9147.652067
1.081991 1.019225 -1.880401 0.094346 1.666224 0.226344 0.155307 -1.748871 -1.269299 -1.116404 0.600816 1.922206 -1.476222 1.128443 1.744075 0.673818 0.866373 1.127538 -1.461746 
No.  1 Fitness:nan
0.431386 -1.691699 -0.379175 -0.796245 1.504106 -0.488363 0.077880 0.934040 -1.584646 -1.140710 0.086255 1.686940 0.400099 0.462408 -0.300575 0.233214 -0.375098 -0.271781 0.183519 
No.  2 Fitness:nan
0.403384 -0.330852 -0.635281 -1.160342 -1.863518 -0.145109 1.146326 -1.696516 -1.349946 -0.546293 -1.553949 -1.219029 -0.221524 0.839882 -0.103182 1.815960 0.835481 1.932369 1.324613 
No.  3 Fitness:nan
-1.226038 1.972804 0.911485 -0.677412 -1.264405 1.139989 -0.199753 -1.244672 0.794314 -1.963597 1.825853 -0.882629 1.659014 -0.959694 -1.574545 0.626137 -0.514645 -1.637079 1.616936 
No.  4 Fitness:nan
-0.157714 1.295620 -0.511566 -1.897171 -1.748708 1.470368 0.475562 0.777483 -0.847213 0.891837 1.105372 1.994249 1.341146 0.649014 -0.016080 1.741492 1.248927 -1.286500 1.795548 
No.  5 Fitness:nan
1.769872 -1.765016 -0.619571 -1.125847 1.883081 0.941651 -1.670435 0.994853 0.494632 1.277697 -1.740568 -1.720408 1.095013 -0.118831 -1.200919 0.158248 -0.327978 -0.333872 0.609870 
No.  6 Fitness:nan
-1.922531 0.016673 0.215153 0.072847 0.332554 1.233084 0.447426 -0.109811 -1.596038 -0.612270 1.570053 -0.116978 1.945401 0.358361 -1.029030 1.084739 -0.795022 -1.931232 1.782215 
No.  7 Fitness:nan
1.689744 -0.475516 0.001585 -1.355204 -0.915644 -1.236640 -0.212368 -1.267903 -1.639738 0.925456 -1.860069 1.820707 0.617302 -1.012207 -0.155458 -0.788814 -1.595430 1.601893 -0.988792 
No.  8 Fitness:nan
1.366597 0.397974 0.748839 1.729210 -1.174818 -1.168496 1.090840 1.741936 0.717068 -0.245996 1.550935 -1.432043 -0.349594 0.366881 -1.835806 1.604129 0.592400 0.462273 1.415252 
No.  9 Fitness:nan
-1.859482 -0.322013 -0.064683 0.868677 -0.148901 1.415638 0.623913 -1.892164 -1.593356 0.472563 -1.638360 0.081429 0.572164 0.354749 -1.733575 -0.193668 1.016641 -1.318285 -0.411255 
No. 10 Fitness:nan
0.029398 -1.901257 1.565291 -0.148992 -0.110035 -1.352508 0.406328 1.149927 -1.172698 -1.542143 1.203944 -1.315743 -1.686605 1.233290 -0.088654 1.989070 -1.702856 0.101518 -1.781737 
No. 11 Fitness:nan
-1.656946 -0.295641 -0.833412 0.843007 0.421711 -0.309533 1.677380 -0.279457 -0.832425 1.430308 -0.811645 -1.322409 -1.729220 0.996721 -0.105411 0.354448 1.215662 -0.368322 1.610752 
No. 12 Fitness:nan
-0.098222 1.186546 -1.719417 1.761579 -1.137469 -1.443092 1.960184 0.814780 -1.988219 0.001883 -0.353372 0.884758 -1.875225 -0.913056 -1.726473 -0.823756 -0.860321 0.580482 0.153677 
No. 13 Fitness:nan
-1.152903 -0.834483 -1.152070 1.163887 1.440408 0.932850 -1.595232 0.937961 0.308782 1.691236 0.603208 -1.888542 -0.728026 0.063289 -0.294284 1.976792 -0.064240 0.312618 -1.823238 
No. 14 Fitness:nan
0.839369 -0.724210 0.206960 -1.628708 -1.699349 -0.967017 -0.652309 0.634437 -1.013276 1.876888 0.861772 -0.204441 -0.032575 0.511833 -1.630028 0.120783 1.993688 -0.090568 1.829767 
No. 15 Fitness:nan
0.898036 1.294508 0.795777 -1.381128 -0.612345 0.322279 0.550382 -1.722327 0.850528 -1.175226 -0.016256 -1.212274 1.309228 0.197640 1.731958 1.021266 0.410554 0.177734 -0.816370 
No. 16 Fitness:nan
-0.732039 0.626408 0.043495 -0.976962 0.201425 1.348319 1.196827 -0.929775 1.263670 -1.506686 1.131499 1.095702 -0.544571 -0.596790 1.757136 0.179120 -1.521808 -1.028654 -0.580504 
No. 17 Fitness:nan
0.562127 -0.323450 -0.226344 -0.169332 -1.966846 -0.775438 -0.784633 0.680294 1.702932 1.172270 -1.654016 0.956765 0.356512 -0.102096 0.078323 0.371846 1.615392 1.888449 -0.843571 
No. 18 Fitness:nan
0.964609 0.175204 0.657519 -1.085321 -0.990382 -1.343737 -0.183819 -1.453489 -0.794627 0.700238 0.907016 0.213767 0.788866 -1.531742 0.018392 1.116745 1.130716 -0.064589 -1.544542 
No. 19 Fitness:nan
0.874569 -1.116498 -0.979140 -0.400313 -0.056246 -1.325589 0.825255 -1.930881 -0.312570 -1.366044 0.897029 0.368325 -1.557094 1.921297 -0.756457 -1.775279 -1.109400 -1.678349 -0.019020 
No. 20 Fitness:2836.786375
0.106523 -1.669555 -0.217191 1.671480 0.556406 -0.481698 0.105751 1.353417 -1.128316 0.397063 1.434262 1.637673 0.375553 -0.077443 -1.577191 0.157803 0.188416 -1.293046 -0.221635 
No. 21 Fitness:nan
-1.013277 1.853190 -1.434651 -0.177356 -0.825174 -0.707362 -0.638444 1.669685 -1.608675 -1.000085 -0.420322 -0.346254 0.501733 0.632709 1.934522 1.505824 0.390094 0.310047 -1.032435 
No. 22 Fitness:nan
-0.132062 0.426479 -0.163787 -0.760047 1.887954 -1.164066 -0.461386 1.480927 1.940865 0.111117 -0.462423 0.062841 0.174934 0.107831 0.315373 0.478877 0.492372 -0.696410 -0.559359 
No. 23 Fitness:nan
-1.147282 1.632111 -1.113996 1.061956 0.293163 -0.812483 0.595667 -0.619124 -1.614662 -1.618580 0.526311 1.703375 0.630080 1.756608 -0.686872 -0.263577 -1.939428 0.038648 1.562994 
No. 24 Fitness:nan
1.873817 1.234125 1.939236 0.742084 0.209383 -0.905824 -0.178606 -1.838882 1.909927 0.138726 -0.430728 0.752080 0.212135 1.349678 0.035331 1.803619 1.423422 -0.541514 -1.220182 
No. 25 Fitness:nan
-0.639026 -0.115030 -1.308318 -0.908420 0.177144 1.267119 0.471966 0.324447 0.972740 0.836134 0.898959 0.808720 0.153213 -0.950940 1.544167 0.817002 -0.654559 -1.179605 -1.621224 
No. 26 Fitness:nan
0.090064 1.711368 -1.044066 0.383578 -1.196762 -1.973343 -1.979586 1.103802 -0.398209 -0.701844 0.112453 1.993841 -1.509337 0.570750 0.600560 1.611818 1.823882 1.986034 -0.733382 
No. 27 Fitness:nan
-1.947721 0.656584 -0.788931 0.437709 0.577279 -1.673524 1.084643 1.598005 1.677804 -1.147381 -0.024544 -0.506839 1.549775 -0.932162 1.149770 0.190942 1.164694 -0.982469 -0.364582 
No. 28 Fitness:nan
0.472869 -0.482379 0.650106 -1.663996 1.227060 -0.808637 1.242448 1.821624 0.041729 1.343724 -0.029527 -0.266615 -1.006456 0.497165 -0.141908 -1.041187 0.774896 -0.320440 -1.638415 
No. 29 Fitness:7874.220465
-0.845088 0.602652 0.774286 1.429207 0.689698 -0.247673 1.351869 0.868103 -1.796310 1.414949 1.055350 1.263217 -1.111569 1.862760 -0.595875 1.122239 1.478617 -0.884219 -1.074455 
No. 30 Fitness:6865.828955
1.632811 -1.346205 -1.667490 -1.499542 1.195078 1.675978 0.165113 -0.953365 0.800621 0.036498 1.419255 1.421810 0.368981 1.455265 -1.361611 -0.597282 1.486949 -0.853913 0.289386 
No. 31 Fitness:nan
-0.292258 0.017585 -0.454712 1.661506 0.925563 -0.061507 -1.743276 0.765185 0.457311 -1.982163 1.783878 1.633733 -1.855253 -1.240360 1.271628 0.243398 -1.213529 0.213469 -0.227242 
No. 32 Fitness:nan
0.742930 -1.567130 1.239592 1.821844 -0.262127 -1.568145 0.184775 1.513888 -0.088778 -0.085826 1.524903 1.040919 -1.270112 1.224140 -1.879283 -1.113884 -1.055270 0.075781 1.648667 
No. 33 Fitness:nan
-1.370781 1.291740 -1.720750 -0.643375 -1.203552 -0.090416 0.377720 0.340344 0.163202 -1.067274 -1.679316 -0.259644 0.167534 -0.252394 -1.984443 -0.530269 -0.238878 1.177835 -0.134194 
No. 34 Fitness:nan
0.605531 1.167545 -1.073100 0.414746 -1.367943 0.976994 0.342476 0.001806 -1.649356 -0.720656 -0.071738 -1.705701 0.281150 1.286662 0.927591 -1.985714 -1.896758 1.181073 -1.710498 
No. 35 Fitness:nan
-0.347953 -0.049707 0.575481 0.113779 0.290353 -0.030847 1.550730 -0.873204 0.063413 1.773975 -0.795011 -1.756955 -1.134318 -0.490942 0.745622 -0.337572 -1.572043 -1.326131 -0.277125 
No. 36 Fitness:nan
-1.640003 0.473504 -1.815476 -0.710771 -1.923742 -0.327536 -0.899009 -1.648301 0.999026 -1.365603 0.304281 -1.955162 -0.411113 -1.578644 -0.270143 -0.291297 0.173527 0.475201 -1.294308 
No. 37 Fitness:nan
-1.441708 1.215614 -1.170775 -1.221742 -1.823117 -1.128780 0.590197 -0.561713 -0.716059 1.199758 0.341101 0.882774 0.776772 -0.797578 -0.892239 0.137121 0.596410 -0.133279 -0.015121 
No. 38 Fitness:nan
1.865816 -1.233824 -0.887816 -1.518256 -1.332646 -1.787628 -0.666747 1.980269 -1.621016 -0.411329 -1.214274 -0.308096 1.834752 0.675844 -1.086197 0.281111 0.640454 0.115499 1.194043 
No. 39 Fitness:nan
0.279149 -0.344186 -0.732595 -0.727825 -0.551649 0.429844 0.390747 -0.709181 0.798144 -1.595967 0.576774 1.843130 1.488412 -0.257356 -1.380794 1.002230 0.479191 1.763683 -1.786886 
No. 40 Fitness:nan
0.961495 -0.148770 -0.378891 -0.027388 -0.312369 -1.986180 -1.719935 1.060347 1.254278 0.649377 -1.918086 -1.275499 -1.308232 0.550290 0.716250 -1.990509 1.518154 -0.386776 -0.538276 
No. 41 Fitness:nan
1.199882 -1.579652 -1.209975 -0.046070 1.700270 0.445259 -0.537929 -0.966311 -0.786219 -1.980389 -0.403134 0.530106 1.498584 -1.292824 -0.490898 1.471877 1.843017 -0.420565 -0.428489 
No. 42 Fitness:nan
-1.608562 0.896652 -1.974290 -1.885210 -0.721495 1.838230 -0.868753 -1.137347 0.611956 1.152595 -0.339718 -1.636579 -1.976917 1.949775 1.860083 -1.577870 0.737189 1.934144 -0.848248 
No. 43 Fitness:nan
-0.020570 -1.726121 1.083838 0.071378 -0.342955 -0.049943 0.606448 0.566052 1.629677 1.975850 0.105018 1.040878 -1.955076 1.036922 -0.457082 1.826570 -0.843888 0.767793 0.303856 
No. 44 Fitness:nan
-1.099416 -1.891793 0.636622 -0.291168 -1.667365 0.594043 0.079557 1.122087 -1.089997 0.413712 1.258800 0.659514 0.446476 -0.072443 -1.542584 1.795002 0.595583 1.956665 1.664803 
No. 45 Fitness:nan
0.347308 1.209904 -1.147420 -0.686811 0.765528 -1.772589 0.093674 -1.613859 -0.135405 0.249270 1.485189 1.573556 -1.239985 -0.428177 -0.363298 -1.951584 -0.264933 -0.732194 -1.987912 
No. 46 Fitness:nan
1.160744 0.621212 0.711357 -0.219666 0.070226 0.286624 1.293647 -1.678091 0.316538 0.061737 1.610504 -0.261005 1.289335 1.854550 1.425610 0.231089 -0.082626 -0.694823 -1.897204 
No. 47 Fitness:nan
-1.955914 -1.038678 -1.064453 1.744287 0.232249 -0.584417 1.710591 1.911036 -1.223245 0.919468 1.490568 -0.017697 -1.440459 -1.799980 -0.265543 1.014761 -0.908798 1.829928 -0.405216 
No. 48 Fitness:nan
-0.439734 1.385685 1.202133 0.257024 -0.194743 -1.048654 -0.733144 -1.952265 0.275885 0.795313 -1.166142 0.645185 -0.381393 1.925756 -1.817657 -1.355459 -1.207688 -1.611960 -0.215902 
No. 49 Fitness:nan
-0.669451 0.545127 1.956000 -1.503958 -1.020942 1.033970 1.926116 0.237230 -0.882587 -1.638961 1.979903 0.222856 1.542971 0.706551 -0.998065 1.519010 -1.992611 -1.816776 1.441199 
No. 50 Fitness:nan
-1.760820 1.899867 -0.938086 1.593877 0.286146 1.260129 -1.008411 -0.367324 -1.621878 1.089852 1.140923 -0.503781 0.946356 1.402504 -0.116421 -0.693103 -0.979427 -1.234098 -1.477261 
No. 51 Fitness:nan
-0.329526 1.661576 -1.894189 0.363096 -1.438267 -0.960321 -0.112219 1.938972 0.300181 1.148495 -1.240067 -1.812880 -1.081079 -1.690029 -0.315474 1.826025 -1.998831 1.650886 -1.555414 
No. 52 Fitness:nan
-1.843135 -1.564359 -0.185340 0.986747 0.256890 1.547537 1.456373 1.265930 0.492278 1.714305 0.325078 -0.408849 0.467121 -1.091363 1.457907 -0.962963 -0.512808 1.233127 1.163883 
No. 53 Fitness:nan
1.068143 0.281442 -1.796750 -1.981596 -0.677469 1.785317 1.821753 -1.797974 1.456310 0.196347 0.011999 1.668553 -0.636551 1.489417 0.628881 1.603206 1.090241 -0.326970 0.617261 
No. 54 Fitness:nan
-1.694791 -0.355189 -1.662594 0.774664 -0.225485 -1.733187 -1.676651 0.532828 -0.766493 1.553597 -0.692008 1.413198 -0.382787 -1.499256 -1.992895 1.421942 -1.413746 -0.837052 -0.328991 
No. 55 Fitness:nan
-1.345707 -1.292555 0.035248 0.405516 -0.487052 -1.876271 1.520252 -1.131925 -0.260899 -0.931230 0.812214 -1.125914 0.759684 0.007541 -1.258383 -1.645083 -0.914626 -0.123908 1.475221 
No. 56 Fitness:nan
-1.961868 -1.111081 -1.937115 -1.089122 -0.867799 -1.093759 1.185383 -1.273225 0.911717 -0.765918 -0.782496 0.590337 1.797780 -0.703689 1.092294 -1.817127 -0.450491 0.592266 -1.786682 
No. 57 Fitness:nan
-0.757398 -1.582447 -0.189322 -1.926957 1.632730 1.298362 1.566057 0.725918 0.496030 0.783665 -0.938449 -0.516358 1.578036 -1.949436 -0.174007 -0.535986 -0.313665 0.228902 -0.836289 
No. 58 Fitness:6345.462244
0.489068 -0.230135 0.126558 -0.944088 0.718019 -0.255847 -0.015656 0.868997 1.238740 -0.497156 0.305291 -0.975948 1.241810 -0.899406 -0.312737 -0.162938 1.500756 -0.794457 -0.437439 
No. 59 Fitness:4156.057512
0.294860 -0.291941 1.341707 -1.928194 0.850088 -0.562692 -1.165240 -0.188000 0.276703 -1.453098 1.776799 -1.332872 -1.572993 -1.285663 -0.134707 -0.013023 1.124486 -0.766007 1.716469 
No. 60 Fitness:nan
0.694874 -1.258174 1.870209 0.598296 -0.437391 0.768476 -0.229512 -1.402950 0.622704 1.787107 -0.094153 1.567381 -1.021492 -0.215547 1.306577 -0.356753 0.045501 0.729176 -0.744867 
No. 61 Fitness:nan
1.989716 1.159863 1.816101 -0.796322 0.214759 1.450267 -1.365319 1.076707 0.209594 -1.352902 1.768001 -1.201976 -1.606984 -0.584040 0.033171 1.502414 -0.930078 0.180443 0.699915 
No. 62 Fitness:nan
-0.525267 -0.164983 -0.865270 1.411690 -1.721096 1.545515 -0.537399 -0.064567 -1.179834 -1.464503 -1.908484 0.117008 -1.447049 -0.558163 -1.046473 -0.078938 1.281631 0.376381 1.830767 
No. 63 Fitness:nan
1.699967 -0.646546 1.503257 1.233490 -0.727448 1.786019 1.626078 1.490976 -1.170751 -0.817276 0.049774 0.554271 -0.370985 0.849116 -0.905309 0.465524 0.069669 -1.078973 1.705634 
No. 64 Fitness:nan
-1.410213 -1.454131 0.426208 -0.716918 -1.235980 -1.109129 -1.134015 0.608439 -1.966985 0.888579 -1.657486 -1.373853 1.646156 -1.061684 0.283886 -0.732104 -0.468720 -1.776124 0.681514 
No. 65 Fitness:nan
0.935311 -0.227173 1.907807 0.517257 1.535747 -0.692520 0.813489 0.317148 -1.694548 -0.261654 -1.611733 -0.395194 1.974116 -1.026262 -0.387997 -1.062929 -0.649523 -0.537108 0.819056 
No. 66 Fitness:nan
1.393726 0.360650 1.452351 1.656806 1.946415 1.398621 -1.381360 -0.514510 0.633414 1.781579 -1.008903 -0.631908 -0.473855 -0.085543 -1.729187 1.555649 1.797267 -1.335862 0.173483 
No. 67 Fitness:nan
-0.263295 -1.199998 -0.359910 -1.010834 -1.087298 1.789436 -0.953103 1.196536 -1.818658 1.816626 0.027909 1.070890 -1.548958 -1.341576 0.136889 0.692179 1.451879 1.736270 1.495605 
No. 68 Fitness:nan
0.633189 -1.991671 1.992677 -1.069844 -0.875458 -1.826045 1.667901 0.405280 -0.460030 0.280956 -1.965508 1.715106 1.778701 -1.372578 -0.916762 -0.010785 -1.267775 0.505846 1.747000 
No. 69 Fitness:nan
1.827800 -0.162927 1.689904 -1.789193 1.031988 0.615586 -1.844363 1.789929 -0.661253 -1.673833 -0.114320 -1.376205 -1.870466 -0.926216 1.092850 -0.466807 -1.624241 1.382799 0.698930 
No. 70 Fitness:nan
-1.083517 1.336643 0.954562 -0.672420 -1.365289 1.595000 -0.831924 1.853955 -0.585662 0.775555 -1.253829 -1.101376 1.170181 -0.772406 -1.827737 1.222022 -1.470261 1.323814 1.338465 
No. 71 Fitness:nan
-0.421951 0.277294 0.475715 -0.649802 -1.219343 -1.504230 -1.588661 -0.628400 -1.519287 1.343435 -0.890892 -1.226796 1.236452 1.050421 -1.576961 0.022307 -1.082555 1.502948 0.040507 
No. 72 Fitness:nan
-1.894587 1.676309 1.727845 -0.102762 0.884267 1.873465 -0.676944 -1.395241 -1.823242 0.772344 0.786173 1.202980 -1.508438 -0.317971 -0.133489 0.457597 -1.162998 1.492305 1.166927 
No. 73 Fitness:nan
-1.012507 -1.199866 1.845216 0.550202 -0.754137 1.216006 1.412641 -1.738961 1.284228 0.023792 -0.133968 0.402479 0.462387 -0.662247 1.608948 1.591753 0.588323 -0.056056 1.861465 
No. 74 Fitness:nan
-0.915293 0.675149 -0.776414 -1.186887 -0.006887 0.248046 0.902589 1.818367 1.300753 1.755277 0.947963 0.408455 0.910706 -1.766545 1.677193 0.574937 -1.026387 1.516790 0.692732 
No. 75 Fitness:nan
0.029862 1.887858 1.233563 0.491869 -1.152739 1.912855 1.346929 1.833769 0.148118 1.412802 0.961700 -0.708142 -1.736468 -0.815645 -0.541373 1.146732 1.117559 -1.185473 -0.238892 
No. 76 Fitness:nan
-0.447463 -0.518646 -0.888350 1.504898 0.824353 -1.092186 -0.368063 1.958957 0.192266 -0.586127 0.955478 -1.285590 1.083108 -0.207037 0.335041 -0.970879 -1.570321 -0.379897 -0.927713 
No. 77 Fitness:nan
-0.852862 1.956006 -1.412327 -0.976518 -0.338918 -0.198139 1.876045 -1.308433 1.159405 -1.871992 1.425176 0.927396 -1.251126 0.328819 -1.538717 -1.222341 0.112047 -0.828937 0.056169 
No. 78 Fitness:nan
0.593929 -1.840220 -0.571194 -0.053111 -0.629048 -0.413468 -1.153056 0.590297 1.127968 1.766250 1.366399 1.069983 -0.801738 1.189263 -0.053116 -0.715326 1.513956 1.053872 0.431243 
No. 79 Fitness:nan
1.689948 -1.038926 -1.229490 -0.035807 -1.808116 -1.011624 1.642185 0.211256 -1.427102 -1.305555 1.529310 -0.883059 -1.576058 -0.804867 0.596563 -1.571019 -0.121736 1.981039 -0.684434 
No. 80 Fitness:nan
1.332023 -0.688593 -1.185706 -0.152453 1.727426 0.842674 -1.173361 -0.674277 -0.567458 -1.258769 -0.130451 -0.491998 -1.007777 -1.708498 1.270247 1.045413 -1.740609 1.590057 0.089726 
No. 81 Fitness:nan
1.565367 1.123638 0.986620 -1.882276 0.586980 1.364868 -0.657328 0.288810 -1.962176 1.714218 -1.144182 1.739107 1.168775 -0.397930 -0.001107 1.391070 -0.292699 0.602100 -0.508977 
No. 82 Fitness:nan
1.618726 1.925566 -1.018955 -1.572322 1.991321 0.138078 0.673307 0.264974 1.415311 -0.867788 -0.905801 0.196903 1.344193 -0.146714 -1.827944 1.741323 -1.586160 1.412821 1.278793 
No. 83 Fitness:1956.958252
-1.186337 1.239624 -1.642926 -0.655871 0.768629 -1.650003 0.399720 -1.907943 1.201388 -0.274840 0.763522 0.507655 0.164215 -0.032430 -1.055794 -0.737775 0.210078 -1.214512 -0.295318 
No. 84 Fitness:7872.076523
1.712242 1.651163 -0.899288 1.670090 1.198764 -0.379655 -0.866234 1.207694 1.706972 1.084650 1.718062 -0.532526 1.838262 -0.331520 0.142582 0.383693 0.732251 -1.065473 0.597808 
No. 85 Fitness:nan
-0.646282 1.939399 -0.517434 -0.518721 1.853796 0.751588 -0.063030 0.658611 1.281540 -1.161470 -0.818452 0.276577 0.437132 -1.127826 0.629214 -0.806355 -0.415386 -1.400483 -1.924305 
No. 86 Fitness:nan
-1.794970 -0.056721 -1.316876 -0.727159 -1.368425 0.879927 0.925317 -0.197273 0.427958 0.688724 -0.618403 -1.501101 -1.008545 1.376740 -1.126235 -0.633060 0.157697 -1.594431 -1.601185 
No. 87 Fitness:nan
0.885969 -1.513329 1.476508 -0.337296 -0.940930 1.792323 -0.428612 0.319861 -0.103567 -0.658232 1.094071 0.052900 1.093282 -1.202308 0.803016 0.287703 -0.579418 1.728387 1.005066 
No. 88 Fitness:nan
-0.017499 1.897518 -0.407186 0.426794 1.130627 -1.550973 0.798733 0.311778 0.050447 -0.132869 -1.128980 1.230243 0.687383 0.851859 1.194322 0.972873 -0.923427 -0.041505 -1.566906 
No. 89 Fitness:nan
1.009178 1.260579 -1.447481 0.185196 0.590209 -0.356099 -0.955289 0.462783 1.997367 1.743635 1.272515 -0.841421 -1.758398 -1.387705 0.848172 -0.766699 -1.908194 0.987389 -0.955337 
No. 90 Fitness:nan
-1.744891 1.615447 -1.182060 1.110300 0.807034 -0.174988 -1.024299 0.609635 -1.862106 -0.422821 1.652909 0.438640 0.222723 -0.690456 -0.495127 -1.600071 -0.386437 1.155314 1.362303 
No. 91 Fitness:nan
0.968705 1.029691 -1.977618 -1.828348 -1.040351 -1.184190 1.311454 1.601079 1.341389 0.730466 0.940437 1.917016 -0.707275 0.827811 1.011218 -0.462772 -1.815169 0.456073 1.219386 
No. 92 Fitness:2913.861719
-0.196379 -0.534331 -0.500533 -0.462652 0.200779 -1.514306 1.060698 -0.847927 0.895766 -0.859387 0.290916 1.426537 -0.186077 0.598137 0.882829 1.703664 1.485747 -1.042721 -1.010455 
No. 93 Fitness:nan
-0.620071 -1.534937 -1.682616 0.269587 -1.056581 -1.959988 -1.516873 1.907538 -0.008795 0.180562 -1.295188 -0.227003 0.761615 0.456325 1.460433 1.491584 1.058939 1.594851 0.654309 
No. 94 Fitness:nan
-1.404224 -0.798069 -1.139041 0.138999 0.156307 -0.950289 0.491473 0.191998 -1.086822 1.782726 -1.727014 -1.930957 -1.596721 -0.086323 1.175763 1.054679 1.994591 -0.901995 0.162914 
No. 95 Fitness:nan
-1.898022 -0.063669 1.911285 -1.039894 -1.502014 -0.352612 1.650818 1.303282 0.264296 -1.977284 -0.216778 0.606050 1.876666 1.125244 -0.027558 0.829660 0.096649 0.373349 -1.125628 
No. 96 Fitness:nan
1.576658 -1.114613 -1.294679 0.338113 -1.335344 0.876093 0.495609 1.694070 0.240783 -1.153521 0.769532 1.520882 1.457466 -0.372030 -0.706088 0.786711 -1.743006 1.297153 1.255064 
No. 97 Fitness:nan
1.858128 1.563870 -0.038703 1.527019 0.603284 -0.609964 0.337347 1.793566 0.460469 -0.905167 -1.139888 1.897480 -1.052173 0.134598 -1.815186 0.174355 -1.614836 -0.552686 -0.990464 
No. 98 Fitness:nan
1.268084 0.695622 -0.680698 -0.485827 -1.290196 -0.321782 -0.183900 1.196305 -1.693838 -0.329947 -1.413744 -0.790031 1.950041 -1.668931 -1.722562 0.900810 -0.087692 -1.842997 0.742948 
No. 99 Fitness:nan
0.427444 0.046346 -1.062489 -1.256610 0.162176 1.696087 -1.873166 1.690860 -1.710011 -0.160726 -1.317228 1.347872 1.685986 0.359548 -1.074356 -0.699891 0.938030 1.467929 -0.510038 
No.100 Fitness:6115.092728
0.252635 -1.965348 0.387936 0.037956 1.934637 -0.558308 0.525067 0.797703 -1.005003 0.909646 0.419136 0.416123 1.785400 -0.787470 0.993131 -0.455515 0.159391 -1.118844 -0.408200 
No.101 Fitness:5147.690652
0.419013 -1.654483 1.095866 -1.776352 0.845028 -1.617983 -1.434618 0.381134 1.711387 -0.711570 0.634970 -0.060254 -0.681139 0.103729 -0.634126 -1.754734 0.186788 -0.659042 -0.513168 
No.102 Fitness:nan
1.205171 -0.684588 -1.870978 -1.532029 -0.806690 1.965750 -1.640103 -1.209322 -1.070683 1.032851 -0.875108 0.061076 -1.503254 -1.181680 -0.492395 0.321214 -1.362205 1.428136 -1.319435 
No.103 Fitness:nan
-1.069011 1.138000 -1.628712 -1.756075 1.647095 -1.279685 0.338281 1.489788 -1.139294 -0.117607 -0.615908 0.427075 1.857723 -1.253086 -0.609082 -0.843141 1.330775 -1.660164 1.631035 
No.104 Fitness:nan
1.975183 0.899504 1.971175 1.546397 -1.710562 -1.407988 -0.053884 -1.631778 -1.294689 0.164649 -0.738880 1.639732 -1.025915 1.441020 -0.770622 0.149605 -1.588053 1.595343 0.924120 
No.105 Fitness:nan
-0.650720 -0.653131 -1.179355 -1.418558 -1.696156 0.702123 0.572975 1.996862 1.258786 0.421029 0.226996 -0.877821 -1.529404 -0.688257 0.471257 0.413119 -0.700849 0.827230 -0.752021 
No.106 Fitness:nan
-1.968437 0.483987 -1.628439 -1.180999 -1.045015 0.434721 -1.636800 -1.700704 0.270176 0.847783 0.689361 -1.914372 1.153289 -0.676643 -0.341630 -1.768833 -0.781429 -1.485242 1.532453 
No.107 Fitness:11054.605829
0.127051 -0.656526 1.764942 -0.623225 1.451241 -0.985824 -0.748000 0.364203 1.162195 1.008492 1.720723 0.188506 0.227305 0.309090 -1.123387 -0.772182 1.928889 -1.165820 -1.938029 
No.108 Fitness:0.000000
0.000000 0.000000 0.000000 0.000000 0.000000 0.000000 0.000000 0.000000 0.000000 0.000000 0.000000 0.000000 0.000000 0.000000 0.000000 0.000000 0.000000 0.000000 0.000000 
No.109 Fitness:0.000000
0.000000 0.000000 0.000000 0.000000 0.000000 0.000000 0.000000 0.000000 0.000000 0.000000 0.000000 0.000000 0.000000 0.000000 0.000000 0.000000 0.000000 0.000000 0.000000 
No.110 Fitness:0.000000
0.000000 0.000000 0.000000 0.000000 0.000000 0.000000 0.000000 0.000000 0.000000 0.000000 0.000000 0.000000 0.000000 0.000000 0.000000 0.000000 0.000000 0.000000 0.000000 
No.111 Fitness:0.000000
0.000000 0.000000 0.000000 0.000000 0.000000 0.000000 0.000000 0.000000 0.000000 0.000000 0.000000 0.000000 0.000000 0.000000 0.000000 0.000000 0.000000 0.000000 0.000000 
No.112 Fitness:0.000000
0.000000 0.000000 0.000000 0.000000 0.000000 0.000000 0.000000 0.000000 0.000000 0.000000 0.000000 0.000000 0.000000 0.000000 0.000000 0.000000 0.000000 0.000000 0.000000 
No.113 Fitness:0.000000
0.000000 0.000000 0.000000 0.000000 0.000000 0.000000 0.000000 0.000000 0.000000 0.000000 0.000000 0.000000 0.000000 0.000000 0.000000 0.000000 0.000000 0.000000 0.000000 
No.114 Fitness:0.000000
0.000000 0.000000 0.000000 0.000000 0.000000 0.000000 0.000000 0.000000 0.000000 0.000000 0.000000 0.000000 0.000000 0.000000 0.000000 0.000000 0.000000 0.000000 0.000000 
No.115 Fitness:0.000000
0.000000 0.000000 0.000000 0.000000 0.000000 0.000000 0.000000 0.000000 0.000000 0.000000 0.000000 0.000000 0.000000 0.000000 0.000000 0.000000 0.000000 0.000000 0.000000 
No.116 Fitness:0.000000
0.000000 0.000000 0.000000 0.000000 0.000000 0.000000 0.000000 0.000000 0.000000 0.000000 0.000000 0.000000 0.000000 0.000000 0.000000 0.000000 0.000000 0.000000 0.000000 
No.117 Fitness:0.000000
0.000000 0.000000 0.000000 0.000000 0.000000 0.000000 0.000000 0.000000 0.000000 0.000000 0.000000 0.000000 0.000000 0.000000 0.000000 0.000000 0.000000 0.000000 0.000000 
No.118 Fitness:0.000000
0.000000 0.000000 0.000000 0.000000 0.000000 0.000000 0.000000 0.000000 0.000000 0.000000 0.000000 0.000000 0.000000 0.000000 0.000000 0.000000 0.000000 0.000000 0.000000 
No.119 Fitness:0.000000
0.000000 0.000000 0.000000 0.000000 0.000000 0.000000 0.000000 0.000000 0.000000 0.000000 0.000000 0.000000 0.000000 0.000000 0.000000 0.000000 0.000000 0.000000 0.000000 
No.120 Fitness:0.000000
0.000000 0.000000 0.000000 0.000000 0.000000 0.000000 0.000000 0.000000 0.000000 0.000000 0.000000 0.000000 0.000000 0.000000 0.000000 0.000000 0.000000 0.000000 0.000000 
No.121 Fitness:0.000000
0.000000 0.000000 0.000000 0.000000 0.000000 0.000000 0.000000 0.000000 0.000000 0.000000 0.000000 0.000000 0.000000 0.000000 0.000000 0.000000 0.000000 0.000000 0.000000 
No.122 Fitness:0.000000
0.000000 0.000000 0.000000 0.000000 0.000000 0.000000 0.000000 0.000000 0.000000 0.000000 0.000000 0.000000 0.000000 0.000000 0.000000 0.000000 0.000000 0.000000 0.000000 
No.123 Fitness:0.000000
0.000000 0.000000 0.000000 0.000000 0.000000 0.000000 0.000000 0.000000 0.000000 0.000000 0.000000 0.000000 0.000000 0.000000 0.000000 0.000000 0.000000 0.000000 0.000000 
No.124 Fitness:0.000000
0.000000 0.000000 0.000000 0.000000 0.000000 0.000000 0.000000 0.000000 0.000000 0.000000 0.000000 0.000000 0.000000 0.000000 0.000000 0.000000 0.000000 0.000000 0.000000 
No.125 Fitness:0.000000
0.000000 0.000000 0.000000 0.000000 0.000000 0.000000 0.000000 0.000000 0.000000 0.000000 0.000000 0.000000 0.000000 0.000000 0.000000 0.000000 0.000000 0.000000 0.000000 
No.126 Fitness:0.000000
0.000000 0.000000 0.000000 0.000000 0.000000 0.000000 0.000000 0.000000 0.000000 0.000000 0.000000 0.000000 0.000000 0.000000 0.000000 0.000000 0.000000 0.000000 0.000000 
No.127 Fitness:0.000000
0.000000 0.000000 0.000000 0.000000 0.000000 0.000000 0.000000 0.000000 0.000000 0.000000 0.000000 0.000000 0.000000 0.000000 0.000000 0.000000 0.000000 0.000000 0.000000 
No.128 Fitness:0.000000
0.000000 0.000000 0.000000 0.000000 0.000000 0.000000 0.000000 0.000000 0.000000 0.000000 0.000000 0.000000 0.000000 0.000000 0.000000 0.000000 0.000000 0.000000 0.000000 
No.129 Fitness:0.000000
0.000000 0.000000 0.000000 0.000000 0.000000 0.000000 0.000000 0.000000 0.000000 0.000000 0.000000 0.000000 0.000000 0.000000 0.000000 0.000000 0.000000 0.000000 0.000000 
No.130 Fitness:0.000000
0.000000 0.000000 0.000000 0.000000 0.000000 0.000000 0.000000 0.000000 0.000000 0.000000 0.000000 0.000000 0.000000 0.000000 0.000000 0.000000 0.000000 0.000000 0.000000 
No.131 Fitness:0.000000
0.000000 0.000000 0.000000 0.000000 0.000000 0.000000 0.000000 0.000000 0.000000 0.000000 0.000000 0.000000 0.000000 0.000000 0.000000 0.000000 0.000000 0.000000 0.000000 
No.132 Fitness:0.000000
0.000000 0.000000 0.000000 0.000000 0.000000 0.000000 0.000000 0.000000 0.000000 0.000000 0.000000 0.000000 0.000000 0.000000 0.000000 0.000000 0.000000 0.000000 0.000000 
No.133 Fitness:0.000000
0.000000 0.000000 0.000000 0.000000 0.000000 0.000000 0.000000 0.000000 0.000000 0.000000 0.000000 0.000000 0.000000 0.000000 0.000000 0.000000 0.000000 0.000000 0.000000 
No.134 Fitness:0.000000
0.000000 0.000000 0.000000 0.000000 0.000000 0.000000 0.000000 0.000000 0.000000 0.000000 0.000000 0.000000 0.000000 0.000000 0.000000 0.000000 0.000000 0.000000 0.000000 
No.135 Fitness:0.000000
0.000000 0.000000 0.000000 0.000000 0.000000 0.000000 0.000000 0.000000 0.000000 0.000000 0.000000 0.000000 0.000000 0.000000 0.000000 0.000000 0.000000 0.000000 0.000000 
No.136 Fitness:0.000000
0.000000 0.000000 0.000000 0.000000 0.000000 0.000000 0.000000 0.000000 0.000000 0.000000 0.000000 0.000000 0.000000 0.000000 0.000000 0.000000 0.000000 0.000000 0.000000 
No.137 Fitness:0.000000
0.000000 0.000000 0.000000 0.000000 0.000000 0.000000 0.000000 0.000000 0.000000 0.000000 0.000000 0.000000 0.000000 0.000000 0.000000 0.000000 0.000000 0.000000 0.000000 
No.138 Fitness:0.000000
0.000000 0.000000 0.000000 0.000000 0.000000 0.000000 0.000000 0.000000 0.000000 0.000000 0.000000 0.000000 0.000000 0.000000 0.000000 0.000000 0.000000 0.000000 0.000000 
No.139 Fitness:0.000000
0.000000 0.000000 0.000000 0.000000 0.000000 0.000000 0.000000 0.000000 0.000000 0.000000 0.000000 0.000000 0.000000 0.000000 0.000000 0.000000 0.000000 0.000000 0.000000 
No.140 Fitness:0.000000
0.000000 0.000000 0.000000 0.000000 0.000000 0.000000 0.000000 0.000000 0.000000 0.000000 0.000000 0.000000 0.000000 0.000000 0.000000 0.000000 0.000000 0.000000 0.000000 
No.141 Fitness:0.000000
0.000000 0.000000 0.000000 0.000000 0.000000 0.000000 0.000000 0.000000 0.000000 0.000000 0.000000 0.000000 0.000000 0.000000 0.000000 0.000000 0.000000 0.000000 0.000000 
No.142 Fitness:0.000000
0.000000 0.000000 0.000000 0.000000 0.000000 0.000000 0.000000 0.000000 0.000000 0.000000 0.000000 0.000000 0.000000 0.000000 0.000000 0.000000 0.000000 0.000000 0.000000 
No.143 Fitness:0.000000
0.000000 0.000000 0.000000 0.000000 0.000000 0.000000 0.000000 0.000000 0.000000 0.000000 0.000000 0.000000 0.000000 0.000000 0.000000 0.000000 0.000000 0.000000 0.000000 
No.144 Fitness:0.000000
0.000000 0.000000 0.000000 0.000000 0.000000 0.000000 0.000000 0.000000 0.000000 0.000000 0.000000 0.000000 0.000000 0.000000 0.000000 0.000000 0.000000 0.000000 0.000000 
No.145 Fitness:0.000000
0.000000 0.000000 0.000000 0.000000 0.000000 0.000000 0.000000 0.000000 0.000000 0.000000 0.000000 0.000000 0.000000 0.000000 0.000000 0.000000 0.000000 0.000000 0.000000 
No.146 Fitness:0.000000
0.000000 0.000000 0.000000 0.000000 0.000000 0.000000 0.000000 0.000000 0.000000 0.000000 0.000000 0.000000 0.000000 0.000000 0.000000 0.000000 0.000000 0.000000 0.000000 
No.147 Fitness:0.000000
0.000000 0.000000 0.000000 0.000000 0.000000 0.000000 0.000000 0.000000 0.000000 0.000000 0.000000 0.000000 0.000000 0.000000 0.000000 0.000000 0.000000 0.000000 0.000000 
No.148 Fitness:0.000000
0.000000 0.000000 0.000000 0.000000 0.000000 0.000000 0.000000 0.000000 0.000000 0.000000 0.000000 0.000000 0.000000 0.000000 0.000000 0.000000 0.000000 0.000000 0.000000 
No.149 Fitness:0.000000
0.000000 0.000000 0.000000 0.000000 0.000000 0.000000 0.000000 0.000000 0.000000 0.000000 0.000000 0.000000 0.000000 0.000000 0.000000 0.000000 0.000000 0.000000 0.000000 
No.150 Fitness:0.000000
0.000000 0.000000 0.000000 0.000000 0.000000 0.000000 0.000000 0.000000 0.000000 0.000000 0.000000 0.000000 0.000000 0.000000 0.000000 0.000000 0.000000 0.000000 0.000000 
No.151 Fitness:0.000000
0.000000 0.000000 0.000000 0.000000 0.000000 0.000000 0.000000 0.000000 0.000000 0.000000 0.000000 0.000000 0.000000 0.000000 0.000000 0.000000 0.000000 0.000000 0.000000 
No.152 Fitness:0.000000
0.000000 0.000000 0.000000 0.000000 0.000000 0.000000 0.000000 0.000000 0.000000 0.000000 0.000000 0.000000 0.000000 0.000000 0.000000 0.000000 0.000000 0.000000 0.000000 
No.153 Fitness:0.000000
0.000000 0.000000 0.000000 0.000000 0.000000 0.000000 0.000000 0.000000 0.000000 0.000000 0.000000 0.000000 0.000000 0.000000 0.000000 0.000000 0.000000 0.000000 0.000000 
No.154 Fitness:0.000000
0.000000 0.000000 0.000000 0.000000 0.000000 0.000000 0.000000 0.000000 0.000000 0.000000 0.000000 0.000000 0.000000 0.000000 0.000000 0.000000 0.000000 0.000000 0.000000 
No.155 Fitness:0.000000
0.000000 0.000000 0.000000 0.000000 0.000000 0.000000 0.000000 0.000000 0.000000 0.000000 0.000000 0.000000 0.000000 0.000000 0.000000 0.000000 0.000000 0.000000 0.000000 
No.156 Fitness:0.000000
0.000000 0.000000 0.000000 0.000000 0.000000 0.000000 0.000000 0.000000 0.000000 0.000000 0.000000 0.000000 0.000000 0.000000 0.000000 0.000000 0.000000 0.000000 0.000000 
No.157 Fitness:0.000000
0.000000 0.000000 0.000000 0.000000 0.000000 0.000000 0.000000 0.000000 0.000000 0.000000 0.000000 0.000000 0.000000 0.000000 0.000000 0.000000 0.000000 0.000000 0.000000 
No.158 Fitness:0.000000
0.000000 0.000000 0.000000 0.000000 0.000000 0.000000 0.000000 0.000000 0.000000 0.000000 0.000000 0.000000 0.000000 0.000000 0.000000 0.000000 0.000000 0.000000 0.000000 
No.159 Fitness:0.000000
0.000000 0.000000 0.000000 0.000000 0.000000 0.000000 0.000000 0.000000 0.000000 0.000000 0.000000 0.000000 0.000000 0.000000 0.000000 0.000000 0.000000 0.000000 0.000000 
No.160 Fitness:0.000000
0.000000 0.000000 0.000000 0.000000 0.000000 0.000000 0.000000 0.000000 0.000000 0.000000 0.000000 0.000000 0.000000 0.000000 0.000000 0.000000 0.000000 0.000000 0.000000 
No.161 Fitness:0.000000
0.000000 0.000000 0.000000 0.000000 0.000000 0.000000 0.000000 0.000000 0.000000 0.000000 0.000000 0.000000 0.000000 0.000000 0.000000 0.000000 0.000000 0.000000 0.000000 
No.162 Fitness:0.000000
0.000000 0.000000 0.000000 0.000000 0.000000 0.000000 0.000000 0.000000 0.000000 0.000000 0.000000 0.000000 0.000000 0.000000 0.000000 0.000000 0.000000 0.000000 0.000000 
No.163 Fitness:0.000000
0.000000 0.000000 0.000000 0.000000 0.000000 0.000000 0.000000 0.000000 0.000000 0.000000 0.000000 0.000000 0.000000 0.000000 0.000000 0.000000 0.000000 0.000000 0.000000 
No.164 Fitness:0.000000
0.000000 0.000000 0.000000 0.000000 0.000000 0.000000 0.000000 0.000000 0.000000 0.000000 0.000000 0.000000 0.000000 0.000000 0.000000 0.000000 0.000000 0.000000 0.000000 
No.165 Fitness:0.000000
0.000000 0.000000 0.000000 0.000000 0.000000 0.000000 0.000000 0.000000 0.000000 0.000000 0.000000 0.000000 0.000000 0.000000 0.000000 0.000000 0.000000 0.000000 0.000000 
No.166 Fitness:0.000000
0.000000 0.000000 0.000000 0.000000 0.000000 0.000000 0.000000 0.000000 0.000000 0.000000 0.000000 0.000000 0.000000 0.000000 0.000000 0.000000 0.000000 0.000000 0.000000 
No.167 Fitness:0.000000
0.000000 0.000000 0.000000 0.000000 0.000000 0.000000 0.000000 0.000000 0.000000 0.000000 0.000000 0.000000 0.000000 0.000000 0.000000 0.000000 0.000000 0.000000 0.000000 
No.168 Fitness:0.000000
0.000000 0.000000 0.000000 0.000000 0.000000 0.000000 0.000000 0.000000 0.000000 0.000000 0.000000 0.000000 0.000000 0.000000 0.000000 0.000000 0.000000 0.000000 0.000000 
No.169 Fitness:0.000000
0.000000 0.000000 0.000000 0.000000 0.000000 0.000000 0.000000 0.000000 0.000000 0.000000 0.000000 0.000000 0.000000 0.000000 0.000000 0.000000 0.000000 0.000000 0.000000 
No.170 Fitness:0.000000
0.000000 0.000000 0.000000 0.000000 0.000000 0.000000 0.000000 0.000000 0.000000 0.000000 0.000000 0.000000 0.000000 0.000000 0.000000 0.000000 0.000000 0.000000 0.000000 
No.171 Fitness:0.000000
0.000000 0.000000 0.000000 0.000000 0.000000 0.000000 0.000000 0.000000 0.000000 0.000000 0.000000 0.000000 0.000000 0.000000 0.000000 0.000000 0.000000 0.000000 0.000000 
No.172 Fitness:0.000000
0.000000 0.000000 0.000000 0.000000 0.000000 0.000000 0.000000 0.000000 0.000000 0.000000 0.000000 0.000000 0.000000 0.000000 0.000000 0.000000 0.000000 0.000000 0.000000 
No.173 Fitness:0.000000
0.000000 0.000000 0.000000 0.000000 0.000000 0.000000 0.000000 0.000000 0.000000 0.000000 0.000000 0.000000 0.000000 0.000000 0.000000 0.000000 0.000000 0.000000 0.000000 
No.174 Fitness:0.000000
0.000000 0.000000 0.000000 0.000000 0.000000 0.000000 0.000000 0.000000 0.000000 0.000000 0.000000 0.000000 0.000000 0.000000 0.000000 0.000000 0.000000 0.000000 0.000000 
No.175 Fitness:0.000000
0.000000 0.000000 0.000000 0.000000 0.000000 0.000000 0.000000 0.000000 0.000000 0.000000 0.000000 0.000000 0.000000 0.000000 0.000000 0.000000 0.000000 0.000000 0.000000 
No.176 Fitness:0.000000
0.000000 0.000000 0.000000 0.000000 0.000000 0.000000 0.000000 0.000000 0.000000 0.000000 0.000000 0.000000 0.000000 0.000000 0.000000 0.000000 0.000000 0.000000 0.000000 
No.177 Fitness:0.000000
0.000000 0.000000 0.000000 0.000000 0.000000 0.000000 0.000000 0.000000 0.000000 0.000000 0.000000 0.000000 0.000000 0.000000 0.000000 0.000000 0.000000 0.000000 0.000000 
No.178 Fitness:0.000000
0.000000 0.000000 0.000000 0.000000 0.000000 0.000000 0.000000 0.000000 0.000000 0.000000 0.000000 0.000000 0.000000 0.000000 0.000000 0.000000 0.000000 0.000000 0.000000 
No.179 Fitness:0.000000
0.000000 0.000000 0.000000 0.000000 0.000000 0.000000 0.000000 0.000000 0.000000 0.000000 0.000000 0.000000 0.000000 0.000000 0.000000 0.000000 0.000000 0.000000 0.000000 
No.180 Fitness:0.000000
0.000000 0.000000 0.000000 0.000000 0.000000 0.000000 0.000000 0.000000 0.000000 0.000000 0.000000 0.000000 0.000000 0.000000 0.000000 0.000000 0.000000 0.000000 0.000000 
No.181 Fitness:0.000000
0.000000 0.000000 0.000000 0.000000 0.000000 0.000000 0.000000 0.000000 0.000000 0.000000 0.000000 0.000000 0.000000 0.000000 0.000000 0.000000 0.000000 0.000000 0.000000 
No.182 Fitness:0.000000
0.000000 0.000000 0.000000 0.000000 0.000000 0.000000 0.000000 0.000000 0.000000 0.000000 0.000000 0.000000 0.000000 0.000000 0.000000 0.000000 0.000000 0.000000 0.000000 
No.183 Fitness:0.000000
0.000000 0.000000 0.000000 0.000000 0.000000 0.000000 0.000000 0.000000 0.000000 0.000000 0.000000 0.000000 0.000000 0.000000 0.000000 0.000000 0.000000 0.000000 0.000000 
No.184 Fitness:0.000000
0.000000 0.000000 0.000000 0.000000 0.000000 0.000000 0.000000 0.000000 0.000000 0.000000 0.000000 0.000000 0.000000 0.000000 0.000000 0.000000 0.000000 0.000000 0.000000 
No.185 Fitness:0.000000
0.000000 0.000000 0.000000 0.000000 0.000000 0.000000 0.000000 0.000000 0.000000 0.000000 0.000000 0.000000 0.000000 0.000000 0.000000 0.000000 0.000000 0.000000 0.000000 
No.186 Fitness:0.000000
0.000000 0.000000 0.000000 0.000000 0.000000 0.000000 0.000000 0.000000 0.000000 0.000000 0.000000 0.000000 0.000000 0.000000 0.000000 0.000000 0.000000 0.000000 0.000000 
No.187 Fitness:0.000000
0.000000 0.000000 0.000000 0.000000 0.000000 0.000000 0.000000 0.000000 0.000000 0.000000 0.000000 0.000000 0.000000 0.000000 0.000000 0.000000 0.000000 0.000000 0.000000 
No.188 Fitness:0.000000
0.000000 0.000000 0.000000 0.000000 0.000000 0.000000 0.000000 0.000000 0.000000 0.000000 0.000000 0.000000 0.000000 0.000000 0.000000 0.000000 0.000000 0.000000 0.000000 
No.189 Fitness:0.000000
0.000000 0.000000 0.000000 0.000000 0.000000 0.000000 0.000000 0.000000 0.000000 0.000000 0.000000 0.000000 0.000000 0.000000 0.000000 0.000000 0.000000 0.000000 0.000000 
No.190 Fitness:0.000000
0.000000 0.000000 0.000000 0.000000 0.000000 0.000000 0.000000 0.000000 0.000000 0.000000 0.000000 0.000000 0.000000 0.000000 0.000000 0.000000 0.000000 0.000000 0.000000 
No.191 Fitness:0.000000
0.000000 0.000000 0.000000 0.000000 0.000000 0.000000 0.000000 0.000000 0.000000 0.000000 0.000000 0.000000 0.000000 0.000000 0.000000 0.000000 0.000000 0.000000 0.000000 
No.192 Fitness:0.000000
0.000000 0.000000 0.000000 0.000000 0.000000 0.000000 0.000000 0.000000 0.000000 0.000000 0.000000 0.000000 0.000000 0.000000 0.000000 0.000000 0.000000 0.000000 0.000000 
No.193 Fitness:0.000000
0.000000 0.000000 0.000000 0.000000 0.000000 0.000000 0.000000 0.000000 0.000000 0.000000 0.000000 0.000000 0.000000 0.000000 0.000000 0.000000 0.000000 0.000000 0.000000 
No.194 Fitness:0.000000
0.000000 0.000000 0.000000 0.000000 0.000000 0.000000 0.000000 0.000000 0.000000 0.000000 0.000000 0.000000 0.000000 0.000000 0.000000 0.000000 0.000000 0.000000 0.000000 
No.195 Fitness:0.000000
0.000000 0.000000 0.000000 0.000000 0.000000 0.000000 0.000000 0.000000 0.000000 0.000000 0.000000 0.000000 0.000000 0.000000 0.000000 0.000000 0.000000 0.000000 0.000000 
No.196 Fitness:0.000000
0.000000 0.000000 0.000000 0.000000 0.000000 0.000000 0.000000 0.000000 0.000000 0.000000 0.000000 0.000000 0.000000 0.000000 0.000000 0.000000 0.000000 0.000000 0.000000 
No.197 Fitness:0.000000
0.000000 0.000000 0.000000 0.000000 0.000000 0.000000 0.000000 0.000000 0.000000 0.000000 0.000000 0.000000 0.000000 0.000000 0.000000 0.000000 0.000000 0.000000 0.000000 
No.198 Fitness:0.000000
0.000000 0.000000 0.000000 0.000000 0.000000 0.000000 0.000000 0.000000 0.000000 0.000000 0.000000 0.000000 0.000000 0.000000 0.000000 0.000000 0.000000 0.000000 0.000000 
No.199 Fitness:0.000000
0.000000 0.000000 0.000000 0.000000 0.000000 0.000000 0.000000 0.000000 0.000000 0.000000 0.000000 0.000000 0.000000 0.000000 0.000000 0.000000 0.000000 0.000000 0.000000 
