177.414547
2183.321523
3672.411135
543.562800
1781.440446
2389.822728
539.220409
727.687983
688.709884
3155.419191
1597.846915
1012.014263
163.786984
1408.037859
3700.450761
39.356120
1516.856231
1772.652837
364.710978
1862.743035
333.925607
4904.605397
4195.829856
601.211515
995.737120
1608.729150
4558.688091
27.268191
1658.681270
269.697473
918.937056
152.662070
4007.806906
60.644569
11.945522
394.824308
1354.690428
331.119782
1373.872576
79.163807
86.318123
693.984288
797.313088
238.950530
463.532742
11.633284
197.306784
662.597902
389.891586
416.448818
53.245072
71.226594
39.178664
111.436762
15.834910
74.867089
487.177050
1277.307528
199.056317
132.180987
256.224517
258.705240
82.695225
173.102388
95.003381
164.651120
8.256902
48.964560
14.963050
34.369091
77.565436
41.572039
64.059413
13.941672
246.724597
6.948962
11.048608
32.202946
45.384047
102.722039
107.019225
40.342496
2.177639
34.864821
12.268307
53.230726
136.975929
170.604749
3.062996
2.885077
20.759780
78.323924
12.435592
45.808630
4.749940
27.464935
3.797862
17.047465
4.418403
11.054826
37.965983
11.320108
8.794394
21.213587
18.174271
14.800710
17.083603
38.056383
22.699607
20.255933
8.398686
4.974782
6.067909
32.003188
39.701992
2.652939
3.331145
8.819945
2.552451
11.804996
63.910804
1.404021
3.425966
2.097407
2.451729
3.456179
1.640846
2.850981
24.714390
9.615609
3.549544
3.665867
2.594064
4.219651
0.879413
2.812971
2.345249
10.977605
5.393990
2.262837
1.578048
3.813286
4.097881
1.220813
8.744652
0.780028
12.101080
4.670688
2.856984
1.340936
0.738038
0.657562
1.469548
0.429089
0.702954
1.688919
3.010876
1.653393
0.665776
1.017433
3.926441
2.625194
1.491875
1.348747
0.600790
2.037911
2.283444
0.833477
2.705495
1.104824
0.961542
1.593370
0.930198
0.886192
0.514311
0.957982
0.741816
1.547511
0.898568
1.052800
1.108196
1.255535
0.994348
0.942122
1.261060
0.789191
0.457434
2.007241
0.547687
1.600340
0.407164
0.831024
0.714380
0.519415
0.480675
0.691371
1.799964
1.438554
1.276747
0.686989
0.619793
0.296005
0.768535
1.462795
1.325192
0.468676
0.583378
0.842178
0.490382
0.925898
0.804656
0.998638
0.826933
0.971780
0.940967
0.860045
0.298368
0.829105
0.672829
0.553208
0.956382
0.432442
0.442776
0.346046
1.278723
0.949274
0.684997
1.165995
0.679261
1.051073
0.705212
1.183725
1.251832
0.733054
0.596399
1.366654
2.428341
0.855340
1.482169
0.538246
0.400400
0.950155
1.050872
0.688614
0.402136
0.453110
1.159078
0.381788
0.932569
0.963157
0.724046
0.501803
0.436057
1.081686
1.419160
0.746763
0.400503
0.347911
1.283407
0.650501
0.691501
1.025898
0.538949
0.663756
1.080954
0.858817
0.405461
0.365252
1.252645
0.778437
1.063574
0.541047
1.656050
1.158132
1.181272
1.228196
1.021006
0.836129
0.633365
0.538504
0.851377
0.631309
0.848475
0.741790
0.515247
0.297666
0.499201
0.639205
0.510014
0.191377
0.922270
0.488080
0.522061
0.500615
0.617613
0.502595
0.400854
0.443816
1.083882
1.077458
