35.735577
71.532336
53.422505
51.348639
60.669305
35.488977
67.434777
47.762967
48.727323
31.142205
44.331931
19.285026
39.135299
44.928961
38.581093
41.811301
45.114810
41.065786
39.275270
49.097011
48.242976
43.408819
28.093006
41.352654
35.334881
19.384428
34.899588
35.866986
39.560429
29.944496
24.880453
32.310009
34.379421
37.004894
33.278153
29.724590
32.110035
22.777252
35.014878
37.171615
29.906371
37.379798
26.383052
22.602124
19.995653
29.997239
33.158063
23.923804
27.272006
25.380386
29.046593
27.428082
18.328652
31.835383
26.658174
25.313248
22.633076
25.680285
24.507358
18.047073
17.832921
24.768269
22.638856
18.305001
19.645315
20.964556
17.634375
19.351205
20.192076
18.465747
12.171355
11.718240
18.038410
16.057933
13.314279
18.693112
14.697132
17.391859
9.653512
12.564054
17.548879
13.248099
15.526990
12.376540
14.106033
10.105150
16.488918
12.522575
15.227290
13.409116
12.123393
11.158445
11.540481
10.541376
14.453970
10.726697
13.080307
10.956064
8.787134
11.269375
12.825324
10.475890
9.989909
11.773562
9.953425
8.846638
10.092912
9.982287
10.522952
11.032297
8.410894
11.272665
8.095790
9.774542
7.620530
8.752777
9.728284
9.997989
12.069446
9.311667
10.664174
10.369062
11.353188
8.686807
9.752867
8.691931
9.533319
10.474050
8.284706
10.328238
9.633114
6.968579
7.826078
10.506809
8.754040
10.354808
6.861335
7.748617
8.789599
9.037411
7.274940
7.413388
8.456543
7.434905
8.211042
7.286039
8.246487
9.060076
8.085990
8.267905
7.971206
8.084831
7.063034
6.810262
8.315026
9.154546
8.751623
8.936698
8.253174
7.673986
6.870474
7.857287
9.426273
8.636005
7.329338
7.528209
8.480254
6.861866
8.958238
8.363848
8.383567
8.177657
8.323188
8.896632
10.103908
7.457502
8.186260
7.473615
9.786252
8.241032
8.964713
8.160424
8.403042
8.531207
8.395701
7.745424
8.287127
9.059733
8.054958
6.505351
8.838022
7.170946
9.408662
8.939177
11.186978
7.054041
10.296791
9.219995
9.202318
8.500549
8.602597
7.805367
7.739368
7.800664
6.922708
7.793111
7.133046
8.671289
7.491196
7.820214
9.316901
8.142152
7.065325
7.484389
9.261184
9.617880
7.781294
9.174832
8.344763
8.637984
9.478703
8.117547
8.639056
8.762321
8.193413
9.406500
10.999518
8.530705
8.878265
8.102407
8.689150
9.298411
8.491985
9.346002
7.070187
9.010265
8.032420
8.275321
8.996478
7.797903
6.901071
8.379657
8.403352
9.434817
9.098339
8.689318
9.820094
8.001776
7.155698
9.912684
8.000148
7.778410
8.973170
8.818244
9.560492
8.751156
9.414582
9.427765
7.432795
7.380485
7.450243
7.351277
7.576429
7.070968
7.625045
9.152630
10.405260
9.700988
8.502620
8.784067
7.922166
7.739630
7.867022
8.217128
8.685240
9.456654
6.809739
7.687720
8.920951
6.737394
7.699509
8.741964
7.057485
8.311460
8.802112
7.728153
8.041948
7.660049
9.092329
8.601621
6.079162
9.300867
7.485273
6.889036
7.965664
7.591312
9.294896
7.593933
7.235465
8.237787
7.797818
7.230709
7.893171
8.698457
7.192049
6.780898
6.870132
9.110189
7.483004
7.027201
7.801538
7.698335
7.350781
6.691283
7.441811
8.018995
8.043067
6.285477
7.190537
6.893926
7.574601
7.402316
7.773776
8.902337
6.124775
6.973909
7.760630
7.334657
7.968197
9.296804
7.213130
7.460281
5.806887
7.891730
7.149729
7.401340
6.273392
6.688208
8.107012
7.751160
7.763608
8.806545
8.426964
6.802181
6.635467
8.958180
7.636115
9.345720
6.500073
8.385848
7.314847
6.823231
8.564420
7.961187
7.642092
7.237259
7.723544
7.366928
7.357614
9.960870
7.765210
7.295127
6.880825
7.445678
7.351362
8.314193
7.402655
6.760028
7.840899
7.930819
8.483499
6.369003
6.733719
8.406042
8.177180
6.245847
6.981357
7.881290
9.767417
7.543905
7.141793
8.284781
7.807463
7.390053
8.727924
7.614566
7.504753
7.889306
6.740401
7.217728
8.122994
7.335117
7.335286
7.260020
7.970852
6.993507
7.553766
5.679256
7.433726
8.993581
