490.452531
2449.403467
908.414888
1714.825485
496.195986
4844.511525
1558.686922
1587.621047
1853.782489
944.402701
1518.138356
414.725873
2081.093669
3498.287706
560.466749
1232.778582
620.425000
1205.576449
379.155082
674.750109
4068.872782
717.634962
1910.876405
321.843778
635.474741
863.518362
817.952011
1659.692603
333.553256
512.880574
885.027428
489.220262
1535.097802
572.788928
130.099421
143.228138
246.010680
1172.083637
1995.325541
225.154933
1371.934181
499.995184
962.393194
778.044745
219.348569
1351.239185
342.207191
135.476414
939.466410
181.704492
108.989388
229.033122
173.576362
821.089393
673.519752
852.216792
487.370027
405.682884
402.459017
113.958165
346.820043
238.151151
437.151956
134.991627
369.463797
205.743398
115.188118
38.260696
569.591057
300.218333
306.408690
78.788402
156.837165
416.999642
248.132213
81.955494
365.118105
436.198663
209.107433
180.485620
163.641444
293.721062
131.470558
296.888393
377.765663
155.687940
152.376492
101.903240
197.382462
30.162330
416.237392
362.446855
126.476540
120.667726
139.051335
55.760823
103.655335
334.817468
45.939085
150.878781
159.327661
180.703407
27.530373
78.660613
316.395177
396.328178
122.554448
61.052539
45.467093
24.301125
29.133268
142.210126
74.447864
224.794679
39.034565
30.986311
70.679396
30.428219
133.910952
163.636324
275.577046
80.456225
77.666209
91.872598
64.084651
64.678281
85.159481
105.526880
74.226725
101.994496
47.670834
12.173270
122.086768
53.083334
40.813140
25.042829
41.254516
23.388402
44.772115
40.278283
51.605025
28.441110
154.587718
18.612374
27.453876
15.797842
25.534367
13.411360
31.499753
39.140338
18.349439
15.028029
100.484385
84.684414
32.043701
56.494976
12.899371
51.425577
33.899820
21.157485
38.825635
69.573319
21.895342
16.040319
18.378044
33.895018
42.707040
9.980158
35.183529
14.820133
11.072863
19.061473
51.699452
19.813804
48.891960
11.261568
10.703150
10.779582
18.938510
10.843305
17.635374
17.924413
12.148192
28.410336
17.683325
23.054166
19.025896
11.875776
16.139152
12.767264
15.675563
19.958684
13.278282
9.677260
23.576480
18.640621
11.310976
9.888642
36.805307
26.816100
13.975051
9.660917
10.341748
9.382414
8.203754
20.700966
8.195231
13.336456
9.602098
11.172201
11.759300
18.263415
14.593434
11.231760
11.974396
10.267273
9.602808
10.426313
9.726637
16.505101
10.030326
8.962193
20.349428
10.021986
10.661915
9.772730
13.814771
11.338603
10.549502
12.969432
9.927638
12.611228
10.245895
14.585622
12.760330
9.593965
8.915700
9.548128
10.279838
8.625201
8.501902
12.374420
8.847199
11.146747
10.282254
9.690387
10.519911
8.874746
7.976401
10.455733
8.382440
8.903461
9.738811
9.145247
10.232386
9.427114
9.680013
9.913263
7.592346
7.702415
7.575028
7.994444
8.155881
8.173273
7.993397
9.599366
11.188543
10.217938
10.518102
9.328581
8.802926
7.979575
8.494093
8.498016
8.923600
9.822127
7.032498
7.916881
9.107464
6.911764
7.880964
9.077722
7.239740
8.380180
9.148963
7.965257
8.342235
7.764333
9.265614
8.777052
6.173355
9.519176
7.801772
7.040115
8.010474
7.786598
9.399864
7.711428
7.311855
15.242215
7.904492
7.339866
7.987413
8.809454
7.298859
6.879942
6.968380
42719.979578
7.576607
7.130902
7.860958
7.730890
7.368959
6.738739
7.472126
8.033601
8.062444
6.403256
7.287548
6.965907
7.618517
7.430908
7.816827
8.951990
6.163044
7.011522
7.807899
7.388259
7.998490
9.357590
7.251734
7.506273
5.838687
7.914442
7.172998
7.423151
6.289450
6.706388
8.126947
351.619535
7.811376
8.899840
8.473437
6.875028
6.687023
9.034165
7.738516
8641.778870
6.561459
8.493594
7.369243
6.910691
8.599895
7.978874
7.710359
7.281471
7.865521
7.497288
7.400154
10.038284
7.775495
7.327885
6.894275
7.564879
7.429321
8.397240
7.490515
6.763368
7.916435
7.973270
8.588841
6.445592
6.787286
8.472038
8.259705
6.306387
7.001341
8.000446
9.789920
7.609301
7.170073
8.356644
7.907639
7.419112
8.810170
7.637368
7.584135
7.905531
6.772008
7.280492
8.140385
7.357706
7.356147
7.284138
7.992317
7.014931
7.596397
5.716524
7.459239
9.005062
