39.697695
59.270199
47.809514
28.775143
49.518181
37.031019
39.718977
31.853401
58.849734
41.028759
39.034144
38.414943
31.800678
46.846857
34.661859
43.834359
37.350415
50.078312
45.406779
9.912746
25.757481
27.437035
36.819755
27.087558
35.953385
22.662955
40.082702
29.780166
32.110092
36.009094
39.680267
23.725201
23.714777
35.419028
29.973134
31.191353
29.318530
28.411747
21.199474
20.118687
25.137302
24.345047
27.945983
29.097848
29.258340
30.465562
25.887595
26.888781
24.354373
25.238493
26.114461
23.509772
23.878736
25.018310
21.303498
26.374196
23.775793
22.063429
11.604099
14.099130
18.268062
11.325821
20.080067
15.683645
10.886945
14.312114
11.121234
13.500912
18.463337
14.925281
10.232008
9.730951
10.544366
14.456322
12.340940
13.236788
9.840139
11.900778
11.213033
12.386541
11.456267
12.914154
12.416769
10.784687
10.040359
9.881310
10.691983
7.362229
10.789177
7.991793
8.476166
8.480729
10.068859
5.757238
8.027593
7.761740
11.152745
9.619788
8.418721
9.186867
9.219381
5.381376
5.381946
8.500154
7.549756
8.492742
5.249996
9.001746
5.280481
6.055683
4.938735
5.487641
6.814970
6.208702
5.911008
5.661964
4.735396
4.331537
5.874970
6.493242
5.278411
8.005328
4.353860
5.298018
5.733855
5.480340
3.703502
4.096173
3.604208
2.878451
3.489878
4.179480
4.724642
4.916678
4.719566
2.376066
3.672523
4.059805
3.212697
2.702735
4.992336
4.244445
4.537458
3.546931
3.613328
4.270802
4.574827
2.761848
4.289174
2.639777
4.416805
3.524822
2.157550
3.573570
2.513868
2.675975
2.565358
3.349948
2.965059
2.722317
2.954922
2.977128
2.457625
2.859603
2.996653
2.357855
2.319216
3.395416
3.338425
2.754037
2.548569
4.124142
2.930099
2.174251
1.969449
2.568752
2.331563
2.471775
1.877256
2.439338
2.709663
2.401049
2.169003
3.346569
2.434897
3.327179
1.902200
2.157380
1.765000
3.797060
2.106404
1.917972
2.674530
2.253868
2.606509
3.472339
2.256844
2.220697
2.495665
2.066362
2.338249
2.227817
2.357970
2.224143
2.278500
2.571894
2.355001
2.654506
2.783941
2.092930
1.946022
3.215877
2.545577
2.834223
3.225688
2.509906
3.458418
2.589730
2.372197
2.075905
2.170020
2.262925
2.469903
2.622988
3.549788
2.537105
2.102808
4.410890
2.032906
2.657912
2.162201
2.263809
2.532697
2.540742
2.544483
2.538292
2.593641
2.193938
3.058343
2.692383
1.963981
2.229863
2.037013
3.403669
1.811150
2.506896
2.471756
2.140795
2.071740
2.288503
3.215030
2.430046
2.132152
2.385881
2.213136
2.441402
2.700219
2.218659
2.545570
2.082463
2.106639
1.998587
2.596108
2.073657
2.159456
2.437110
1.917279
2.112794
2.536588
3.301171
2.371499
2.256620
2.123747
1.947138
2.274249
2.877576
2.177660
1.920456
2.033809
2.658850
2.428960
2.828433
2.088547
2.865825
2.405288
2.356919
2.055449
2.085598
1.757023
3.227829
3.240936
2.754718
1.997594
2.234490
2.361399
2.037841
1.841715
2.217382
2.257643
2.030232
2.161728
2.566556
2.344140
2.408491
1.882441
2.064236
1.795587
2.826198
1.982919
2.439243
1.918525
2.139503
2.070041
2.529496
1.834262
2.691717
2.382260
1.872293
2.789232
1.707194
1.991381
2.132037
3.269638
3.846925
1.992868
2.378692
2.329697
3.951206
2.313704
1.988127
2.039226
2.448967
1.827059
2.085067
1.835160
2.451296
3.195878
2.603155
3.020872
2.062604
2.282830
2.568397
2.503881
2.052127
2.518332
2.100720
2.116057
3.738927
1.723573
2.183862
2.251178
1.925529
1.944382
1.995527
1.750176
1.779286
2.422876
2.341088
2.412202
2.670661
2.045686
2.576422
1.698366
2.795461
1.904361
2.393783
1.890246
1.886267
1.822856
2.143553
2.354151
2.143491
2.280679
2.252044
1.991250
2.204886
2.495437
1.989455
2.153989
2.972136
2.148272
2.197230
2.718421
3.086457
2.243917
1.752908
2.149393
1.845316
1.758836
2.146773
3.534219
3.402625
2.237535
2.290894
2.000966
2.435022
3.163426
1.985755
3.010861
2.298186
