Generation 0 Fitness:35.735577
-1.639782 0.192282 -0.320062 0.714123 -1.727057 1.352993 -0.252034 0.071539 -1.642107 1.114594 0.980716 -1.108022 1.472239 -0.084785 -0.986105 -1.460789 0.517393 -0.183461 0.575852 
Generation 1 Fitness:71.532336
-1.062116 0.156037 -1.471927 1.323600 -0.969531 0.706071 -0.416133 -0.401410 -0.943155 0.022900 0.877276 -1.446527 0.204520 0.302127 1.119058 1.608186 -0.829468 -0.769913 0.955011 
Generation 2 Fitness:53.422505
1.756216 -1.748097 -0.260491 -0.345940 0.421089 0.243084 0.858311 -1.777154 -0.297733 1.712436 -0.695829 -0.890275 1.013641 -1.312451 -1.209298 -1.927562 -0.612590 -1.908746 1.752222 
Generation 3 Fitness:51.348639
-0.413111 -1.085663 -0.228121 -0.672121 0.144189 1.851465 1.083240 0.727292 0.249108 -0.905536 -0.015238 -0.233239 -0.906971 0.547353 0.919723 0.492729 1.187278 -1.173826 -0.228472 
Generation 4 Fitness:60.669305
-1.276076 -1.022052 -1.879762 0.238817 -1.215425 1.191802 1.600541 1.659278 -0.970592 -0.524516 1.842260 0.736882 1.359261 -0.327758 -0.345264 -0.662499 0.341737 -1.273535 -1.836012 
Generation 5 Fitness:35.488977
-0.337587 1.291719 -1.229937 1.353906 -0.375961 0.350862 0.278227 -1.082087 -1.391643 -0.177615 -0.527179 0.668185 1.251069 -0.225084 -0.191285 0.268690 -0.844861 -0.095794 -0.972104 
Generation 6 Fitness:67.434777
-1.876878 0.253659 1.045708 0.967405 0.444274 -1.829985 1.471957 -0.328452 0.749192 0.047093 -1.936616 1.559018 -1.456524 1.191494 -0.273880 -0.488480 0.274551 -1.776870 1.282657 
Generation 7 Fitness:47.762967
-0.649135 -0.107662 -1.374786 -1.400469 1.247141 0.785349 0.755780 0.861955 -0.385753 0.634069 0.760956 -0.723662 0.195156 0.704484 1.535046 -1.931080 -0.965229 -1.789459 -1.811205 
Generation 8 Fitness:48.727323
-0.546374 -1.035550 -0.685364 1.094050 -1.619518 -0.319189 -0.205525 -0.172130 -0.353278 0.875563 0.330301 0.249507 1.488155 0.405731 0.848122 -0.682761 0.236817 -1.179534 0.098664 
Generation 9 Fitness:31.142205
-0.467758 0.075821 -0.810830 0.916800 -0.969531 0.705100 0.058004 -1.285161 -1.659041 -1.982707 0.384887 0.227720 -0.040002 0.100280 0.218401 0.706200 -0.491988 0.751498 1.684544 
Generation 10 Fitness:44.331931
1.586929 -0.012329 0.634334 -0.390983 -0.168476 0.679285 0.299491 -0.961272 -0.095698 0.861572 -1.010829 -0.657837 -0.748437 -0.739605 0.745734 -0.509520 1.766583 -0.303153 0.626153 
Generation 11 Fitness:19.285026
-0.554942 -0.898450 0.282483 0.305393 0.650912 0.125116 1.379162 -0.949078 0.051620 1.329588 -1.936903 1.198659 -0.412873 1.170290 -1.018085 1.059143 -0.507251 1.073166 0.594448 
Generation 12 Fitness:39.135299
0.498368 -1.124223 -0.963323 -0.119552 -1.834177 1.573845 -0.357983 -0.854185 -1.965552 -1.230805 -0.825961 1.753312 -0.189368 0.797195 -0.637371 -0.212885 0.889620 1.248700 1.430055 
Generation 13 Fitness:44.928961
-0.092756 0.345925 -0.904913 -0.640973 -0.096079 1.092224 -0.165611 0.726201 0.627183 -1.923205 1.252391 -0.122408 -0.042858 -0.723299 -0.395386 -1.967925 0.764490 -0.827813 0.265517 
Generation 14 Fitness:38.581093
0.474432 -1.339923 -1.153866 -0.022236 -1.756746 0.037677 -0.411243 0.552302 -1.857744 0.657893 -0.358584 0.292636 -0.729907 0.912414 -0.837930 -0.540818 1.983089 -1.965358 0.623840 
Generation 15 Fitness:41.811301
-0.554942 -0.509948 -0.963323 -0.604362 -0.696886 1.694653 0.179567 1.263613 -0.293224 -0.438335 0.208601 -0.313578 -1.202074 0.999170 -1.843856 0.349047 1.701554 1.233762 -0.354211 
Generation 16 Fitness:45.114810
0.379615 1.574077 -1.589410 -0.408947 0.800611 -0.631212 -1.964549 1.023778 0.108701 -0.815909 0.887670 -0.796418 -0.901205 0.546800 -1.732431 0.685453 -0.850796 0.985037 -0.731020 
Generation 17 Fitness:41.065786
-0.179747 0.193467 0.032030 -0.124842 -0.535457 1.180216 0.065323 -0.263469 -1.976864 -0.905536 -0.096658 1.425405 0.115425 -0.308985 1.007802 -0.883263 1.745898 0.799919 0.457161 
Generation 18 Fitness:39.275270
0.202064 1.011493 -1.524418 1.144037 -1.009636 1.033504 -0.778050 0.423851 -1.886053 1.913456 -1.461878 -0.282607 -1.551917 0.419950 -0.800205 0.658555 -1.689663 0.641821 0.562260 
Generation 19 Fitness:49.097011
0.073600 -0.896491 -0.238775 0.193207 -1.316672 1.489069 -0.357379 -0.320577 -0.792680 -1.671103 0.972382 1.289152 0.660619 0.603218 -1.387920 -0.254394 0.663385 -1.193852 0.626153 
Generation 20 Fitness:48.242976
0.535272 0.275297 0.510028 0.167003 1.524482 -1.977927 1.095904 -0.089599 -0.718403 0.713287 -1.873286 1.374869 -0.499901 -0.739605 -1.903291 -1.154461 -0.126492 0.096741 -0.713824 
Generation 21 Fitness:43.408819
0.124947 0.945301 -1.496459 -0.336634 0.330262 0.312674 -0.399848 -0.424587 1.012923 -0.425489 0.902395 -0.336150 -0.602812 0.407733 -1.665367 0.719376 1.118288 -0.247793 -0.174738 
Generation 22 Fitness:28.093006
0.515392 -0.516234 1.476572 0.965416 -0.793763 1.580829 -0.223793 -0.005250 0.593513 -0.237888 0.887949 -0.327582 0.496138 -0.739032 -0.804056 0.801367 0.138085 -1.307624 0.368186 
Generation 23 Fitness:41.352654
-0.380680 0.041882 -0.603502 1.001350 -0.733770 1.096067 0.934957 -0.762427 0.559761 -0.051372 -0.129024 1.194649 0.269928 -0.941727 -0.987011 1.725780 -0.260382 -1.065221 0.797512 
Generation 24 Fitness:35.334881
0.658714 -0.332659 -0.610274 -1.615950 0.872069 0.389179 0.560975 -0.308486 -0.884781 -0.438335 0.047622 -0.185568 -0.511776 0.267991 -0.621818 -1.426956 -0.253623 0.922703 0.139261 
Generation 25 Fitness:19.384428
0.067367 1.059231 -0.154601 -1.488216 0.852548 0.448409 0.058004 -0.255463 -1.176425 1.291563 -1.750019 0.808677 -0.062720 -0.511517 -0.971193 0.169533 -1.342063 1.690863 -0.121461 
Generation 26 Fitness:34.899588
0.490023 -0.216895 -1.604573 0.332497 -1.070904 0.758118 -0.372635 -1.169727 0.023572 -0.000896 0.513216 -1.023156 -0.473218 0.997411 -1.453791 0.284147 -0.042121 1.884320 0.885989 
Generation 27 Fitness:35.866986
-0.368232 0.217969 -1.791346 -1.111099 0.547042 0.252494 -0.681529 -0.278895 -1.115136 -1.278596 0.235185 0.882071 -0.162716 0.331178 -1.495651 -1.186049 1.536937 1.088660 1.238859 
Generation 28 Fitness:39.560429
-0.111959 0.362096 -1.636141 0.626641 -0.104380 -0.321595 -0.322461 -0.656242 0.487610 1.426743 0.031148 -1.015733 0.605417 0.095810 -0.653199 0.321476 -0.792859 -0.651952 0.140443 
Generation 29 Fitness:29.944496
0.197851 -0.412929 0.391641 0.247953 0.248474 -0.549646 -0.152983 -0.369698 -1.987133 -0.937101 -0.284386 0.561583 -0.866136 0.826075 -1.294064 -0.102789 1.381971 -1.288880 0.768338 
Generation 30 Fitness:24.880453
0.284300 -0.316678 -0.891245 1.986870 -1.241961 -0.334407 0.462513 -0.311895 -1.679373 -0.362820 -0.440322 0.422795 -0.412873 0.028504 -0.095025 -1.545409 0.542236 -0.016685 0.420947 
Generation 31 Fitness:32.310009
-0.232060 -0.220399 -1.859177 0.816387 -0.606005 -0.796057 0.181248 -0.357933 -0.539763 -0.526992 0.128494 0.071520 -0.040002 -0.052500 -1.990240 -0.364943 0.811678 1.640634 0.706435 
Generation 32 Fitness:34.379421
-0.002121 0.198932 -1.121044 -1.425340 1.335687 -0.522722 -0.193772 0.000944 0.877272 0.651881 0.031148 -0.797961 0.268338 -0.066930 1.119058 0.771139 -0.375120 0.954722 -0.324199 
Generation 33 Fitness:37.004894
0.187659 0.375373 -0.811418 -0.098361 0.024200 1.131255 0.462513 -0.282037 0.003658 0.201379 0.803136 -1.098829 0.119915 -0.723100 -0.328908 -1.017499 0.376341 -1.876140 -0.040671 
Generation 34 Fitness:33.278153
0.044145 0.169969 -0.651177 0.264761 -0.310705 1.110755 0.650460 0.487596 -0.407461 -0.969121 1.104206 -0.336150 -0.196619 -0.471211 -0.621818 -1.081735 0.072713 -1.523552 -0.458442 
Generation 35 Fitness:29.724590
-0.002121 -0.120967 -0.481923 -0.812040 -0.129372 1.152719 0.156255 0.025151 -1.541208 -0.157826 -0.546598 0.951671 -0.058800 0.050107 -1.731386 1.971070 -1.648843 1.420075 0.176484 
Generation 36 Fitness:32.110035
-0.002121 -0.134678 -1.813742 -0.914684 0.395606 0.325305 -0.193772 -0.247271 -1.913825 -0.212082 -0.230785 0.726563 0.147654 0.614034 -1.723905 1.199203 -1.393271 1.822331 0.005627 
Generation 37 Fitness:22.777252
-0.275783 0.289154 -1.719734 -0.098589 0.297110 0.002404 0.143264 0.292532 0.157475 -1.514297 0.902395 0.108147 -0.112832 -0.338356 -0.792624 1.095460 -1.679122 -0.276310 0.309286 
Generation 38 Fitness:35.014878
0.015910 -0.093787 -0.741334 -0.330668 -0.871887 1.867688 -0.059730 0.972690 -0.456802 0.358425 0.002122 -0.233239 -0.888660 -0.073699 -1.903291 -0.571060 -0.553850 1.282837 0.332939 
Generation 39 Fitness:37.171615
-0.443069 -0.087215 0.531610 0.928053 0.163857 -0.509154 0.743639 -0.225549 -1.355869 -0.225698 -0.230785 0.380009 0.067716 0.149229 -1.796556 -0.138165 -1.611418 -0.195670 0.208095 
Generation 40 Fitness:29.906371
-0.116455 0.007710 -1.615875 -0.409466 0.293035 -0.112482 -0.205525 -0.320577 0.982825 -0.314324 1.113410 0.177311 0.930392 -0.254264 0.564707 -0.714896 1.367886 1.282837 -0.204678 
Generation 41 Fitness:37.379798
0.124948 0.280722 -1.771189 -0.790849 0.800107 -0.104655 -0.213432 0.289034 -1.376450 0.808715 0.019874 -0.379592 -0.437507 0.267991 -1.115924 -1.910333 0.885409 -1.312293 -0.171436 
Generation 42 Fitness:26.383052
-0.117077 0.104847 -0.723979 -0.534599 0.767780 -0.810660 -0.111515 0.567666 -1.877259 0.743802 0.436539 -0.987059 -0.531896 -0.449415 -1.166251 1.783111 -1.445163 -0.957000 0.432934 
Generation 43 Fitness:22.602124
-0.206707 -0.043972 -7.500288 -0.412895 -0.144456 0.619866 0.161210 -0.262045 -0.295960 -0.265058 0.031206 -0.185568 -0.235901 0.553740 -0.203603 -0.777342 0.796765 -1.100316 0.230409 
Generation 44 Fitness:19.995653
0.117054 0.118555 -0.622576 0.273347 -0.901504 1.038945 0.022820 -0.203502 -1.042475 -0.020580 -0.105601 0.106054 0.321212 -0.474086 -1.165456 -0.677440 0.123579 1.606044 0.230409 
Generation 45 Fitness:29.997239
-0.025138 0.065455 -1.572358 0.344421 -0.631914 0.765110 0.042919 -0.241086 -1.384131 -0.401137 -0.446202 1.135384 0.314317 -0.163445 1.294993 -0.102789 0.791977 -1.719302 0.188598 
Generation 46 Fitness:33.158063
-0.137135 0.278065 -1.208584 0.593934 -0.682877 0.848036 -0.108209 -0.424892 -0.622385 0.574852 -0.405882 -0.317694 -0.216578 0.488844 -1.771901 0.081636 -0.702598 -0.448441 0.440520 
Generation 47 Fitness:23.923804
0.069923 -0.068095 -1.642057 -0.638782 0.043568 0.410071 0.011459 -0.069520 -1.302324 -1.114256 1.264120 -0.776690 0.003002 0.552206 -1.010430 0.347015 -1.131562 1.612200 -0.295231 
Generation 48 Fitness:27.272006
0.124943 -0.110125 -1.615875 -0.382453 -0.358404 0.499959 -0.291120 -0.213773 -1.379499 0.216436 0.047622 -0.353639 0.675530 0.007600 -1.382862 -1.396748 0.935044 0.923510 -0.077360 
Generation 49 Fitness:25.380386
0.124803 0.296572 -1.970798 -0.517041 0.036600 0.950103 -0.234405 0.242941 -1.012235 -0.085479 -0.041704 0.422449 -0.125719 0.246014 -0.395386 -0.069745 -1.191357 -0.481133 -0.153155 
Generation 50 Fitness:29.046593
0.071009 -0.087215 -1.388320 -0.876502 0.767780 -0.722077 -0.111240 -0.389325 -0.425052 0.325866 -0.410041 -0.013299 0.035328 0.162779 0.243348 0.516823 -0.253623 -0.095794 0.339401 
Generation 51 Fitness:27.428082
-0.258372 0.074677 -1.719734 -0.874991 0.163621 0.452368 -0.173162 -0.350211 -0.979776 -0.453664 -0.025400 0.330664 0.315791 0.327518 -0.411767 -0.028088 0.791977 0.559180 0.114994 
Generation 52 Fitness:18.328652
0.137318 0.065455 -1.461776 -1.120032 0.151568 1.033504 -0.210741 0.066377 -0.913657 -0.869316 1.111985 -0.333118 0.190490 -0.165629 1.038210 0.083774 0.138401 -1.732036 0.116911 
Generation 53 Fitness:31.835383
-0.307080 0.168367 -1.619491 -0.471769 0.043568 0.477998 0.137458 -0.082452 -1.265560 0.119792 0.287040 -0.794806 -0.022066 0.149229 -1.292502 -0.574057 0.674686 -0.095794 0.104561 
Generation 54 Fitness:26.658174
-0.078492 -0.388945 -0.133585 0.452960 0.415530 -1.484312 0.185604 0.124213 -1.496958 -0.311716 0.457362 0.079531 0.035328 -0.046094 -0.082896 0.801367 -0.518728 -1.105500 0.140903 
Generation 55 Fitness:25.313248
0.069913 -0.028452 -1.771189 0.318620 -0.702904 0.445689 -0.336311 0.150676 -0.367663 0.047551 0.108987 0.177311 -0.080703 0.279696 -0.236235 -0.069745 0.198331 -1.738390 -0.054152 
Generation 56 Fitness:22.633076
0.023306 0.041882 0.722057 -0.288471 -0.556113 0.796042 -0.175041 0.203123 -1.768780 0.351926 -0.227039 0.108940 -0.216578 0.267991 -1.426270 -1.445127 0.478950 1.046348 0.176484 
Generation 57 Fitness:25.680285
0.046795 0.001103 -1.788329 -0.555505 0.151568 0.354399 -0.320232 0.186982 -1.679373 -0.632331 0.854751 -0.398870 -0.531896 0.471873 -0.915818 0.455716 -0.696822 0.490868 0.230409 
Generation 58 Fitness:24.507358
0.067355 0.194885 -0.495318 0.698903 -0.606005 0.039753 0.042919 -0.432892 -1.595201 -1.152017 0.851717 -0.241293 0.063219 0.053074 -1.702190 0.001209 -0.286569 1.360658 0.044629 
Generation 59 Fitness:18.047073
0.015899 0.014235 -1.139047 -0.896020 0.389380 0.304427 -0.205525 0.031703 -1.606005 -0.267465 0.570018 -0.603698 -0.123230 0.262142 -1.868086 -0.720906 0.650261 1.282837 0.054488 
Generation 60 Fitness:17.832921
-0.283741 0.372738 -1.333355 -0.553023 0.570350 -0.178589 -0.205525 -0.153204 -1.494925 0.385934 -0.231689 -0.149674 -0.085050 0.082784 -8.069719 0.008232 -0.126492 1.817006 0.345296 
Generation 61 Fitness:24.768269
-0.015806 0.151105 -2.096646 -0.379719 0.001788 0.252494 -0.096102 -0.158071 -1.937679 -0.314324 0.454458 -0.305611 0.104028 0.211281 0.499518 -0.612057 0.158230 -1.020494 -0.040671 
Generation 62 Fitness:22.638856
-0.065799 -0.000464 -1.965020 0.305393 -0.270935 -0.054719 -0.087566 -0.255162 -1.363497 -0.614966 0.318236 0.049363 -0.031303 0.213160 -1.421537 1.465860 -0.997014 0.623021 0.230409 
Generation 63 Fitness:18.305001
-0.206707 -0.213812 -1.525282 -1.020452 0.318640 0.430841 0.223125 0.011005 -0.765689 0.651881 0.031148 -0.455178 0.201128 -0.073699 -4.875412 0.455716 -0.529269 -0.016186 0.092554 
Generation 64 Fitness:19.645315
0.058571 -0.221543 -0.133585 0.305393 -0.480410 0.477998 0.111171 -0.291829 -1.533519 0.274528 -0.185408 -0.208934 0.002767 0.471873 -1.668053 -0.212885 0.287123 1.185555 -0.102697 
Generation 65 Fitness:20.964556
-0.231425 -0.241324 -1.757558 -0.495466 -0.436316 0.845614 0.137458 0.098802 -1.217898 0.668406 -0.129024 -0.160501 0.048376 0.097740 -1.011773 0.001209 0.167581 -1.171956 0.223757 
Generation 66 Fitness:17.634375
-0.027302 -0.008789 -1.857065 0.439975 -0.533949 0.513035 0.065744 -0.095549 -0.514081 -0.869316 0.952160 -0.241293 0.172410 0.200785 -1.580486 -0.723767 -0.196119 1.627009 -0.153155 
Generation 67 Fitness:19.351205
0.191895 -0.013343 -1.719734 0.167003 0.132588 -0.548983 0.101464 -0.069520 -0.963340 -0.328112 0.043205 0.106054 -0.117283 -0.087621 -0.395386 0.579439 -0.041993 -0.566162 -0.073078 
Generation 68 Fitness:20.192076
-0.095083 -0.009191 -1.185189 -0.241425 -0.316662 0.430841 -0.191108 0.132936 -0.605855 -0.587658 0.264392 0.106054 -0.232668 0.358338 -1.037301 -0.576784 0.791977 1.666919 0.104561 
Generation 69 Fitness:18.465747
-0.016396 0.014235 -7.500288 -0.125236 -0.129823 0.331898 0.076063 -0.153204 -1.913825 0.207058 -0.025400 -0.185568 -0.040002 0.073221 -1.902873 0.636905 -0.881803 1.282837 0.091399 
Generation 70 Fitness:12.171355
-0.046610 0.232308 -1.275364 -0.102747 -0.129372 0.602385 -0.088270 -0.017563 -1.096790 -0.149458 0.002122 0.132085 -0.123230 0.246014 -0.922764 -1.426956 0.484877 1.053033 0.041248 
Generation 71 Fitness:11.718240
0.137310 -0.253828 -0.646859 -0.858364 0.485346 -0.104655 -0.111515 0.133240 -0.426860 0.025699 0.002122 0.148507 -0.039063 0.053074 -1.713443 0.083774 0.329177 -0.016685 0.044629 
Generation 72 Fitness:18.038410
0.260370 -0.058969 -1.499580 -0.715705 0.085342 0.477998 -0.096102 -0.182292 -1.899636 -0.212082 0.043205 0.123898 0.094294 -0.015946 -1.003428 0.302756 -0.328264 0.959805 0.015301 
Generation 73 Fitness:16.057933
-0.130390 0.041882 -1.344021 -0.053006 -0.455411 0.619866 -0.111515 -0.110290 -0.385161 -0.734878 0.454747 0.193299 0.125834 0.264103 -0.656028 -1.064578 0.764490 0.643858 0.109923 
Generation 74 Fitness:13.314279
-0.251803 -0.045228 -1.170466 -0.059080 -0.110529 0.245922 0.030930 0.000944 -0.627826 0.034918 0.004797 0.130897 0.012356 0.267991 -1.780500 0.148742 -1.071168 1.825909 0.242498 
Generation 75 Fitness:18.693112
-0.065799 0.014457 -1.569303 -0.128968 0.045995 0.123355 -0.088270 -0.136255 -1.948124 -0.709937 0.363489 0.177311 -0.002376 0.193376 -1.373112 -0.659588 0.758879 -1.950215 0.241526 
Generation 76 Fitness:14.697132
0.031331 -0.122890 -1.542296 -0.191507 -0.063635 0.252494 0.042919 -0.112184 -1.441472 -0.804245 0.784169 -0.233239 -0.001912 0.264103 -0.973163 -0.777342 0.424510 -0.048750 -0.008090 
Generation 77 Fitness:17.391859
-0.201673 -0.036117 -1.865161 -0.124842 -0.231465 0.513035 0.070563 0.038180 -0.913262 -0.270532 0.224241 0.422449 0.104028 0.265569 -1.667163 -1.130958 0.376341 1.282837 -0.015719 
Generation 78 Fitness:9.653512
0.069916 -0.214133 -0.811418 -0.227501 -0.141660 0.161881 -0.031805 0.098802 -1.825777 0.358425 -0.157354 0.047458 0.032308 0.213160 -1.990240 -0.102789 0.198335 -0.061512 -0.083547 
Generation 79 Fitness:12.564054
0.092063 0.040383 -1.503933 0.210063 -0.270935 0.061257 -0.055482 -0.126532 -1.679010 -0.307385 0.087243 0.108940 0.093692 0.039030 0.075416 -0.777342 0.287123 0.150079 0.062741 
Generation 80 Fitness:17.548879
-0.026415 -0.040655 -1.965020 -0.055414 -0.268795 -0.053553 -0.258343 0.096861 -1.321897 0.119792 0.153777 -0.282607 -0.040002 0.279696 -1.002405 -0.501757 0.102758 0.676451 0.114994 
Generation 81 Fitness:13.248099
-0.054385 -0.058969 -1.572356 -0.241425 -0.196389 0.472733 -0.016909 -0.069520 -0.508969 -0.401137 0.636133 -0.241293 0.144889 -0.006811 -1.789851 0.716899 0.054477 -1.082951 -0.002374 
Generation 82 Fitness:15.526990
0.015893 -0.008789 -0.590061 -0.102747 -0.190897 0.061257 -0.195784 -0.202814 -1.550718 -0.092166 -0.157354 0.103365 0.042971 0.277327 -0.930401 -0.573984 0.320119 -0.416490 0.263329 
Generation 83 Fitness:12.376540
-0.137135 -0.061441 -1.210149 -0.224622 -0.129823 0.349091 0.022820 0.025151 -1.449875 -0.265058 0.645448 -0.474171 0.067716 0.029520 -1.702190 0.076615 0.301883 -0.661606 0.041248 
Generation 84 Fitness:14.106033
-0.054385 0.065455 -1.802084 -0.128968 0.132588 0.026593 -0.072368 -0.095419 -8.215519 -0.196875 0.032002 0.278096 0.063219 0.157421 -2.795540 -0.560679 -0.362979 1.432126 0.104561 
Generation 85 Fitness:10.105150
-0.103805 -0.107253 -1.352890 -0.828111 0.276354 0.123359 -0.213432 0.009696 -1.873595 -0.085479 0.047622 0.163375 0.104028 0.264103 -1.426270 -0.168058 0.424510 -0.032617 0.152870 
Generation 86 Fitness:16.488918
-0.007097 0.208257 -1.722643 -0.103744 -0.018768 0.255274 -0.016909 -0.225889 -0.539763 -0.307803 0.047622 0.273837 0.067716 0.017990 -1.260652 0.525497 -0.041993 -0.889797 0.044629 
Generation 87 Fitness:12.522575
0.126994 -0.253828 -0.646859 -0.576388 0.331873 -0.309805 -0.087566 -0.202814 -1.501755 -0.200065 -0.007735 0.180415 0.104028 0.245264 -1.457887 -0.366301 0.401955 0.568401 0.138370 
Generation 88 Fitness:15.227290
0.015886 -0.164190 -0.495798 0.028234 -0.270935 0.185892 0.042919 0.000944 -1.675343 -0.081700 0.047622 0.078711 0.075923 0.078460 0.159650 0.001209 -0.274522 -0.437425 0.116911 
Generation 89 Fitness:13.409116
-0.009803 0.070356 -1.228471 -0.412895 0.293035 -0.143290 -0.072368 -0.139062 -1.606005 -0.163569 0.031148 0.108147 0.039438 0.149229 -0.236235 -0.212885 0.102758 -0.481133 0.040886 
Generation 90 Fitness:12.123393
-0.019486 -0.040655 -1.462995 -0.055414 -0.129372 0.035640 -0.096102 -0.093985 -0.765689 -0.167093 0.183904 0.071520 0.150645 0.094947 -1.294064 -0.622846 0.837620 -0.494337 0.037514 
Generation 91 Fitness:11.158445
0.015876 -0.000464 -1.496459 -0.177165 -0.063635 0.241581 -0.031805 -0.069520 -1.307447 0.022900 0.047622 -0.102959 0.039312 0.082784 -1.882849 -0.138133 0.072713 -0.474216 0.062741 
Generation 92 Fitness:11.540481
-0.083491 -0.040791 -0.118209 0.127751 -0.098396 -0.160206 -0.003394 0.042554 -1.550718 0.220260 -0.192278 0.194824 -0.022750 0.077501 0.326445 0.347015 -0.408419 0.581307 0.054488 
Generation 93 Fitness:10.541376
0.031326 0.004662 -0.916012 -0.268197 -0.063635 0.047741 -0.205525 -0.095318 -1.679010 -0.150994 0.153777 -0.050276 0.063219 0.157421 -1.316031 0.221392 0.198335 -0.491700 0.062741 
Generation 94 Fitness:14.453970
-0.019486 0.042400 -8.608007 -0.191507 -0.077130 0.123355 -0.072368 -0.006545 -9.932414 -0.401137 0.622054 -0.282607 0.149621 0.082784 -5.082119 -0.459866 0.348152 0.632635 -0.083547 
Generation 95 Fitness:10.726697
0.025781 0.014235 -0.723979 -0.175630 -0.169880 0.255274 -0.213432 0.053590 -8.372667 0.091171 0.183904 -0.102959 0.067716 0.149229 -1.770103 -0.475355 0.450047 -0.275066 0.005627 
Generation 96 Fitness:13.080307
0.003707 -0.040655 -0.418098 -0.090491 -0.129823 0.254329 -0.031805 -0.172130 -1.934578 -0.200065 0.002122 0.123898 0.042971 0.230404 0.512835 0.347015 -0.450149 0.211627 -0.031871 
Generation 97 Fitness:10.956064
-0.018896 0.025201 0.586003 -0.055414 -0.301608 0.258494 -0.068239 -0.003455 -0.426860 -0.203787 0.133194 0.148507 -0.046001 0.245264 -1.902873 -0.351959 0.054477 0.689356 0.040886 
Generation 98 Fitness:8.787134
-0.002121 -0.187299 -1.228471 -0.288471 -0.148100 0.233425 -0.029557 -0.067776 -1.298545 0.100633 -0.129024 0.132085 -0.023525 0.245264 -1.560015 0.221392 -0.196119 1.360658 0.117039 
Generation 99 Fitness:11.269375
0.005336 -0.100863 -1.188639 0.070079 -0.270024 0.047741 -0.108209 -0.155446 -6.128882 -0.328112 0.047622 0.173356 0.141715 0.136139 -0.799855 0.076615 0.416365 -1.149585 0.040886 
Generation 100 Fitness:12.825324
-0.010496 0.138928 -6.159324 0.303481 0.008883 -0.459853 -0.109867 -0.061287 -1.676707 -0.167093 0.047622 0.130897 -0.002376 0.119789 -4.875412 -0.109535 0.102758 0.211627 0.054488 
Generation 101 Fitness:10.475890
0.069910 -0.012329 -1.569303 -0.090491 -0.157955 0.232421 -0.117180 -0.153532 -1.997262 -0.141248 -0.050546 0.148507 0.088215 0.076083 -1.722168 0.538871 -0.165112 -1.020494 0.091399 
Generation 102 Fitness:9.989909
-0.078492 0.104847 -1.294835 -0.103744 0.184655 -0.112482 0.070579 -0.203502 -0.859437 -0.126404 -0.069754 0.163375 -0.022782 0.101764 -1.339119 -0.501757 0.573162 0.372549 0.062741 
Generation 103 Fitness:11.773562
-0.027302 -0.071436 -1.778600 -0.053006 0.001984 0.031279 0.116057 -0.069520 -0.913130 -0.163569 0.153777 0.079531 0.063219 0.050107 -1.674039 -0.576784 -0.026934 1.282837 0.040886 
Generation 104 Fitness:9.953425
0.031329 0.014235 -7.500288 -0.053006 0.001984 -0.024764 -0.043654 0.042554 -1.096790 -0.047534 0.155834 0.036081 0.003002 0.097740 -1.152178 -0.407026 -0.187606 0.962619 -0.040671 
Generation 105 Fitness:8.846638
0.133699 -0.170735 -0.435942 -0.102747 -0.148100 0.027062 -0.111515 0.000944 -1.496958 -0.267465 0.287040 -0.028515 -0.016818 0.194370 -1.903291 0.083774 0.050199 0.676451 0.009625 
Generation 106 Fitness:10.092912
-0.065799 0.075398 -1.802084 -0.128968 -0.068305 0.180430 -0.096102 -0.083533 -5.544279 -0.289646 0.139888 0.079531 0.012356 0.077501 -1.907601 0.284177 0.129926 -0.943838 0.114994 
Generation 107 Fitness:9.982287
-0.010496 0.014235 -1.333101 -0.059080 -0.063635 0.079820 -0.038385 -0.140173 -9.765058 -0.307385 -0.030638 0.273837 0.044951 0.063195 -1.393982 -0.255621 -0.067792 0.676451 0.116911 
Generation 108 Fitness:10.522952
-0.027302 0.004662 -0.456704 -0.098589 0.045995 -0.104655 -0.038385 -0.010276 -1.934578 -0.314993 0.228174 0.034730 -0.016818 0.171977 -7.749839 0.148723 -0.098133 1.053033 0.037514 
Generation 109 Fitness:11.032297
0.015878 0.070356 -0.118209 -0.103744 -0.129823 0.048697 -0.111515 -0.068663 -1.523372 -0.081700 -0.069754 0.130897 -0.039063 0.179327 -0.388654 -0.388366 0.198335 -0.275066 0.073175 
Generation 110 Fitness:8.410894
0.015876 -0.031970 -1.965020 -0.128968 -0.104380 0.131465 -0.072368 -0.069520 -1.217898 -0.044156 0.031148 0.079531 0.041503 0.193376 -1.643762 0.145250 -0.092146 -0.267919 0.005627 
Generation 111 Fitness:11.272665
-0.046610 0.040383 -1.333355 -0.053006 -0.035335 0.123353 0.028171 -0.110290 -1.501755 -0.265058 0.152775 0.148507 0.039438 0.076083 -1.905399 -0.028747 0.102758 -0.267919 0.037514 
Generation 112 Fitness:8.095790
0.078058 -0.040655 -0.728321 -0.227501 -0.139922 0.293302 -0.072368 0.031703 -1.999192 -0.020580 0.047622 0.132085 -0.002376 0.073237 -1.668053 0.152819 0.072713 -0.957000 0.005627 
Generation 113 Fitness:9.774542
-0.019486 -0.087215 -1.776734 -0.191507 -0.104380 0.252494 0.032868 -0.015288 -1.042475 -0.307385 0.276458 0.079531 0.039438 0.138057 -1.373112 -0.168284 0.236817 -0.034375 -0.030439 
Generation 114 Fitness:7.620530
0.015899 0.040383 -8.608007 -0.098589 -0.144456 0.220416 -0.087566 0.000432 -0.806626 -0.008503 0.047622 -0.088476 -0.096333 0.110403 -1.766161 -0.029313 0.301883 -0.275066 0.081132 
Generation 115 Fitness:8.752777
0.058565 0.014235 -0.989724 -0.175630 0.036600 0.027062 -0.072368 -0.069520 -5.544279 -0.145788 0.039430 0.103365 0.018826 0.095810 -0.653199 -0.195514 -0.291191 0.424996 0.060539 
Generation 116 Fitness:9.728284
-0.018896 0.042400 -1.705653 -0.191507 0.045995 0.123355 -0.087566 -0.068663 -1.352593 -0.081700 0.002122 0.079531 -0.016818 0.193376 -0.631766 -0.622846 0.138401 1.128991 0.063858 
Generation 117 Fitness:9.997989
0.031332 -0.013343 -5.207452 -0.124842 -0.144456 0.225439 -0.054514 -0.068663 -0.539763 -0.241866 0.153777 0.103365 0.018826 0.082784 -1.902873 -0.212885 -0.042121 0.641813 0.114994 
Generation 118 Fitness:12.069446
-0.009803 0.025201 -1.857065 -0.055414 -0.039628 0.002404 -0.100744 -0.126744 -1.770580 -0.145819 0.031148 0.148507 0.069881 0.193376 -1.495651 -0.085079 -0.165112 0.568401 0.044629 
Generation 119 Fitness:9.311667
0.005731 0.082865 -1.297626 -0.059080 -0.150148 0.252494 -0.096102 -0.069520 -1.913825 -0.081700 0.043205 0.071520 0.012356 0.194370 -0.930401 -0.501937 0.227714 0.372549 -0.030439 
Generation 120 Fitness:10.664174
-0.025138 0.146681 -1.333355 -0.128968 -0.129823 0.448409 -0.100744 -0.110290 -1.574375 -0.200065 0.101345 0.079531 0.003002 0.145860 -1.915155 -0.085111 0.085567 0.015219 0.037514 
Generation 121 Fitness:10.369062
-0.002121 -0.012329 -1.633578 -0.055414 -0.157955 0.079820 -0.038385 -0.023690 -1.606005 -0.149458 0.087243 0.071520 -0.037021 0.099337 -1.086827 -0.085079 -0.008971 0.211627 0.109923 
Generation 122 Fitness:11.353188
-0.010496 0.014457 -5.148751 -0.028745 -0.148100 0.220416 0.017454 -0.067776 -0.620219 -0.012845 -0.030638 0.116223 -0.002376 0.136139 -1.846240 -0.351959 0.301883 -0.667872 0.047751 
Generation 123 Fitness:8.686807
0.015900 0.039527 -0.133585 -0.128968 -0.139922 0.123355 -0.087566 -0.113361 -1.957237 -0.126404 0.002122 0.071520 0.032308 0.119789 -1.294064 -0.314297 -0.042121 1.185555 0.101162 
Generation 124 Fitness:9.752867
-0.025138 0.042400 -1.749501 -0.098589 0.001788 0.047741 -0.085599 0.000432 -1.410974 -0.196875 0.152775 0.079523 -0.002376 0.145860 -1.731772 -0.168058 -0.092146 0.602877 0.037514 
Generation 125 Fitness:8.691931
0.073559 -0.040791 -1.589410 -0.053006 -0.190897 0.185892 -0.031805 -0.017563 -0.764460 0.047551 0.002122 0.047458 0.020737 0.073253 -1.713443 -0.168284 0.158230 -0.853854 0.011791 
Generation 126 Fitness:9.533319
-0.025138 0.075398 -1.500726 -0.102747 -0.060420 0.123353 -0.054514 -0.069392 -1.965204 -0.126404 0.031148 0.123898 0.020737 0.174867 -1.393982 -0.512145 0.198335 0.489864 0.011791 
Generation 127 Fitness:10.474050
0.060604 0.053481 -1.863217 -0.075782 0.045995 0.047741 -0.003394 -0.069520 -1.899636 -0.265058 0.108987 0.116223 -0.047800 0.119789 -0.572608 -0.501937 0.085567 -0.047326 0.002288 
Generation 128 Fitness:8.284706
-0.036404 0.014235 -1.970798 -0.053006 -0.104380 0.039753 -0.133475 -0.067776 -1.424183 -0.163569 0.112664 0.106054 0.041503 0.213160 -0.859108 0.148723 -0.126492 0.372549 0.009625 
Generation 129 Fitness:10.328238
0.031332 -0.007711 -1.894069 -0.191507 -0.063635 0.185892 -0.071880 -0.069520 -0.765689 -0.265058 0.139888 0.106054 -0.016818 0.121703 -1.799921 -0.021755 0.098038 -0.127765 0.104561 
Generation 130 Fitness:9.633114
0.023294 -0.098620 -0.953417 -0.125236 -0.231465 0.252494 -0.072368 0.011005 -0.913262 -0.150994 0.101345 0.123898 -0.016818 0.154141 -1.935245 -0.255621 -0.050697 1.509889 0.113031 
Generation 131 Fitness:6.968579
-0.025138 0.039527 -7.500288 -0.102747 0.024200 0.031279 -0.031805 -0.101067 -1.414894 -0.138706 0.047622 0.047458 0.042971 0.130925 -0.799855 -0.138165 0.054477 -0.048750 0.040886 
Generation 132 Fitness:7.826078
0.015878 0.015100 -1.558207 -0.175630 0.036600 0.047741 -0.072368 -0.095549 -1.676707 -0.167093 0.014854 0.103365 0.032308 0.082784 -1.486253 -0.021755 0.085567 0.376912 0.062741 
Generation 133 Fitness:10.506809
-0.007097 0.001103 -1.496459 -0.102747 -0.084778 0.047741 -0.072368 -0.093985 -1.496958 -0.196875 0.117729 0.079531 0.082640 0.138057 -0.596356 -0.184082 0.085567 -0.064554 0.037514 
Generation 134 Fitness:8.754040
-0.002121 0.042400 -1.525282 -0.069979 -0.141660 0.255274 -0.072368 0.011005 -0.917379 -0.044156 0.047622 0.079531 -0.022066 0.136139 -0.468574 -0.501467 0.050199 0.376912 0.037514 
Generation 135 Fitness:10.354808
0.025776 0.039527 0.419461 -0.059080 -0.084778 0.079820 -0.016909 -0.095754 -1.937679 -0.196875 0.047622 0.116223 0.018826 0.049464 -1.003428 -0.314297 0.198331 -0.047326 0.044629 
Generation 136 Fitness:6.861335
0.024312 -0.012329 -1.573964 -0.103744 -0.141660 0.131465 -0.059730 -0.095754 -1.936456 -0.083554 0.002122 0.071520 0.044951 0.119789 -1.610857 -0.184082 0.085567 0.685541 0.047751 
Generation 137 Fitness:7.748617
0.005731 -0.029644 -1.620978 -0.116242 -0.139922 0.220416 -0.052078 -0.083760 -0.913130 -0.056524 0.047622 0.079531 0.067716 0.179327 -1.757245 -0.146357 0.158230 -0.127765 0.005627 
Generation 138 Fitness:8.789599
-0.025138 -0.012329 -4.085063 -0.075782 -0.140192 0.123355 -0.059730 -0.067776 -1.820631 -0.081700 0.039430 0.079531 0.020737 0.149229 -1.753452 -0.168058 0.123579 0.641813 0.054488 
Generation 139 Fitness:9.037411
0.015886 -0.008789 -0.786461 -0.098589 -0.077130 0.099679 -0.031805 -0.093985 -1.153819 -0.056524 0.043205 0.079531 0.044951 0.095810 -1.782168 -0.195514 0.085567 0.568401 0.040886 
Generation 140 Fitness:7.274940
-0.027302 0.042400 -8.735101 -0.177511 0.043568 0.031158 -0.087566 0.011005 -1.647328 -0.126404 0.108987 0.123898 0.016355 0.078460 -1.797162 -0.195514 0.198335 0.015219 0.060539 
Generation 141 Fitness:7.413388
0.015882 -0.012329 -1.210149 -0.177511 -0.039628 0.123353 -0.043654 -0.069520 -1.965204 -0.138706 0.047622 0.079531 0.044951 0.094947 -1.769372 -0.114415 0.085567 -0.061512 0.060539 
Generation 142 Fitness:8.456543
0.025774 0.014235 -5.148751 -0.102747 -0.063635 0.080765 -0.072368 -0.068663 -1.574375 -0.123488 0.047622 0.103365 0.041503 0.099337 -1.401488 -0.138165 -0.126492 0.685541 0.062741 
Generation 143 Fitness:7.434905
0.003702 -0.040791 -0.603502 -0.128968 -0.084778 0.123355 -0.031805 -0.083533 -1.203006 -0.012845 0.004797 0.047458 0.042971 0.149229 -0.596356 -0.314297 0.103656 0.374689 0.044629 
Generation 144 Fitness:8.211042
-0.019486 -0.008789 -1.606156 -0.128968 -0.115100 0.161881 -0.031805 -0.083533 -1.917636 -0.040140 -0.007735 0.079531 0.044951 0.145860 -1.902873 -0.085079 -0.026934 0.010290 0.073175 
Generation 145 Fitness:7.286039
-0.002121 -0.008789 -1.627946 -0.102747 -0.148100 0.237815 -0.016909 -0.069520 -1.886053 -0.241866 0.108987 0.106054 0.020737 0.073221 -1.668849 -0.028088 0.158230 -0.016186 0.062741 
Generation 146 Fitness:8.246487
-0.002121 0.014235 -1.542956 -0.077369 -0.129823 0.232421 -0.031805 -0.082452 -1.770580 -0.163569 0.031148 0.130897 0.035328 0.149229 -0.899427 -0.138133 -0.126492 0.676451 0.015301 
Generation 147 Fitness:9.060076
0.023294 -0.000496 -1.632230 -0.191507 -0.035335 0.161881 -0.031805 -0.095318 -1.965552 -0.212082 0.066411 0.116223 -0.010736 0.138057 -1.401488 -0.114415 -0.043871 0.676451 0.060539 
Generation 148 Fitness:8.085990
0.005340 -0.012329 -0.841770 -0.053006 -0.148100 0.123355 -0.059730 -0.067776 -1.377767 -0.157826 0.108987 0.034730 0.032308 0.097740 -1.766161 0.148723 -0.037742 0.372549 0.044629 
Generation 149 Fitness:8.267905
-0.027302 -0.021679 -1.627946 -0.102747 -0.098524 0.123353 -0.055482 -0.068663 -1.847253 -0.092166 0.031148 0.079531 0.063219 0.110403 -1.667163 -0.085079 0.158230 -0.096635 0.063858 
Generation 150 Fitness:7.971206
0.015892 -0.000496 -8.608007 -0.077369 -0.098524 0.123353 -0.072368 -0.077526 -1.508205 -0.126404 0.047622 0.079531 0.016355 0.130925 -1.935245 -0.085079 0.158230 -0.247793 0.063858 
Generation 151 Fitness:8.084831
-0.018896 0.014235 -1.697174 -0.102747 -0.063635 0.123353 -0.059730 -0.069520 -1.847253 -0.149458 0.047622 0.130897 0.020737 0.136139 -1.780500 -0.222853 0.287123 -0.065037 0.044629 
Generation 152 Fitness:7.063034
0.025770 0.042400 -5.148751 -0.098589 0.001984 0.047741 -0.031805 -0.095419 -1.441536 -0.155090 0.043205 0.116223 0.018826 0.101764 -1.758075 -0.351959 0.085567 0.372549 0.063858 
Generation 153 Fitness:6.810262
0.015881 -0.008789 -3.601085 -0.090938 -0.115100 0.123353 -0.068239 -0.095419 -1.825777 -0.200065 0.108987 0.047458 0.018826 0.136139 -0.236235 -0.138165 -0.042121 0.602877 0.054488 
Generation 154 Fitness:8.315026
0.005345 0.004662 -1.500726 -0.098589 -0.129823 0.161881 -0.059730 -0.077526 -1.768780 -0.123488 0.047110 0.034730 0.018826 0.162779 -2.015596 -0.168058 0.072713 0.576091 0.040886 
Generation 155 Fitness:9.154546
0.003695 -0.012329 -1.388320 -0.077369 -0.141660 0.161881 -0.031805 -0.065802 -1.994488 -0.169441 0.047622 0.130897 0.002892 0.158695 -1.393982 -0.168284 0.138401 -0.034375 0.040886 
Generation 156 Fitness:8.751623
0.003701 0.014235 -8.608007 -0.069979 -0.044993 0.026593 -0.031805 -0.069476 -1.994488 -0.150994 0.080309 0.071520 0.020737 0.094947 -1.667163 -0.102789 -0.042121 0.641813 0.040886 
Generation 157 Fitness:8.936698
-0.018896 -0.000464 -1.894069 -0.053006 -0.063635 0.047741 -0.029557 -0.077526 -1.676707 -0.149458 0.047622 0.079531 0.016355 0.136139 -1.560015 -0.296491 0.103656 0.559180 0.062741 
Generation 158 Fitness:8.253174
0.006014 -0.008789 -0.982575 -0.077369 -0.077130 0.031158 -0.059730 -0.067776 -1.749008 -0.123488 0.031148 0.106054 0.016355 0.136139 -1.846240 -0.168058 0.138401 0.359195 0.047751 
Generation 159 Fitness:7.673986
0.005337 -0.013343 -1.842520 -0.059080 -0.129823 0.123355 -0.052078 -0.093985 -1.987420 -0.145788 0.031148 0.108147 0.020737 0.130925 -1.580486 0.001209 0.129926 -0.127765 0.054488 
Generation 160 Fitness:6.870474
-0.002121 -0.012329 -1.633578 -0.102747 -0.104380 0.161881 -0.031805 -0.068663 -1.355869 -0.162948 0.087243 0.103365 0.020737 0.136139 -2.015596 -0.168284 0.085567 0.372549 0.047751 
Generation 161 Fitness:7.857287
-0.007097 0.030988 -8.413209 -0.098589 -0.018768 0.048697 -0.071880 -0.082452 -1.693030 -0.150994 0.031148 0.099839 0.020737 0.138057 -1.360774 -0.102789 0.098038 -0.061512 0.063858 
Generation 162 Fitness:9.426273
-0.002121 -0.007711 -3.601085 -0.103744 -0.129823 0.161881 -0.055482 -0.068663 -1.595201 -0.092166 0.002122 0.123898 0.036466 0.149229 -1.770103 -0.168058 0.158230 -0.048750 0.047751 
Generation 163 Fitness:8.636005
-0.009803 -0.008789 -1.894069 -0.102747 -0.112453 0.161881 -0.038385 -0.082452 -1.994488 -0.141248 0.047622 0.079531 0.041503 0.145860 -0.736678 -0.195514 0.085567 -0.061512 0.037514 
Generation 164 Fitness:7.329338
-0.018896 0.014235 -4.318571 -0.053006 -0.077130 0.047741 -0.059730 -0.082452 -1.886053 -0.150994 0.072117 0.071520 0.035328 0.121703 -1.294064 -0.168058 0.138401 0.067181 0.062867 
Generation 165 Fitness:7.528209
0.001308 0.030988 -9.897232 -0.098589 -0.077130 0.161881 -0.031805 -0.093985 -1.994488 -0.145788 0.047622 0.071520 0.018826 0.130925 -1.770103 -0.138364 0.085567 -0.061512 0.053898 
Generation 166 Fitness:8.480254
-0.007097 -0.012329 -1.241961 -0.077369 -0.129823 0.161881 -0.029557 -0.068663 -1.990718 -0.126404 0.043205 0.071520 0.018826 0.119789 -1.769372 -0.102789 0.103656 0.010290 0.062741 
Generation 167 Fitness:6.861866
0.005339 0.014457 -1.500726 -0.098589 -0.077130 0.123355 -0.059730 -0.069520 -1.965552 -0.126404 0.047622 0.116223 0.018826 0.119789 -1.486253 -0.138364 0.120040 0.015219 0.040886 
Generation 168 Fitness:8.958238
0.003695 0.028876 -8.770504 -0.077369 -0.079957 0.123355 -0.052078 -0.093985 -1.936456 -0.196875 0.043205 0.116223 0.039312 0.138057 -1.254361 -0.089207 -0.008971 0.015219 0.054488 
Generation 169 Fitness:8.363848
-0.010496 0.014235 -8.608007 -0.052494 -0.063635 0.061257 -0.031805 -0.093985 -1.994488 -0.167093 0.047622 0.071520 0.016355 0.121703 -1.685983 -0.138364 0.085567 0.376912 0.062741 
Generation 170 Fitness:8.383567
0.015882 -0.012329 -1.380128 -0.092986 -0.104380 0.123353 -0.031805 -0.068663 -1.595201 -0.150994 0.080309 0.071520 0.018826 0.119789 -1.843856 -0.114415 0.050199 -0.061512 0.054488 
Generation 171 Fitness:8.177657
-0.007097 0.014457 -1.865161 -0.098589 -0.077130 0.123355 -0.043654 -0.068663 -1.965552 -0.126404 0.047622 0.079531 -0.002376 0.130925 -1.393982 -0.085079 0.069990 0.010290 0.054488 
Generation 172 Fitness:8.323188
-0.002121 0.014235 -5.148751 -0.098589 -0.061587 0.123355 -0.052078 -0.095419 -1.831612 -0.149458 0.014854 0.103365 0.018826 0.130925 -1.011773 -0.114415 0.085567 0.010298 0.060539 
Generation 173 Fitness:8.896632
-0.002121 0.014235 -9.149948 -0.077369 -0.063635 0.061257 -0.052078 -0.082186 -1.820631 -0.167093 0.047622 0.103365 0.018570 0.145860 -1.758075 -0.098834 0.085567 0.098733 0.047751 
Generation 174 Fitness:10.103908
-0.007097 0.014235 -8.735101 -0.108980 -0.063635 0.123355 -0.052078 -0.068663 -1.352593 -0.162948 0.047622 0.148507 0.016355 0.136139 -1.011773 -0.123881 0.074219 -0.014356 0.053898 
Generation 175 Fitness:7.457502
-0.015806 0.014235 -5.148751 -0.077369 -0.063635 0.123355 -0.031805 -0.077526 -1.937679 -0.145788 0.047622 0.106054 0.016291 0.136139 -1.191486 -0.184082 0.123579 -0.065037 0.040886 
Generation 176 Fitness:8.186260
-0.010496 0.014235 -1.857065 -0.075782 -0.129823 0.161881 -0.059730 -0.069264 -1.679010 -0.123488 0.047622 0.071520 0.018826 0.149229 -1.486253 -0.138165 0.085567 -0.095794 0.062741 
Generation 177 Fitness:7.473615
0.005731 -0.008789 -1.377813 -0.098589 -0.084778 0.123353 -0.052078 -0.095754 -1.352593 -0.126404 0.047622 0.103365 0.041503 0.138057 -1.495651 -0.138165 0.129926 -0.047326 0.047751 
Generation 178 Fitness:9.786252
-0.003001 0.014235 -4.318571 -0.078171 -0.063891 0.080765 -0.059730 -0.082452 -1.835093 -0.123488 0.047622 0.079531 0.020737 0.130925 -1.373112 -0.138364 0.102758 0.015219 0.054488 
Generation 179 Fitness:8.241032
-0.010496 0.014235 -0.910813 -0.077369 -0.098396 0.123337 -0.052078 -0.082452 -1.334952 -0.141248 0.087163 0.079787 0.020737 0.138185 -1.753452 -0.138364 0.103656 0.098733 0.054488 
Generation 180 Fitness:8.964713
-0.019486 0.014457 -1.802084 -0.102747 -0.063635 0.123353 -0.031805 -0.093985 -1.920680 -0.167093 0.047110 0.079531 0.020737 0.145860 -1.495651 -0.138364 0.098038 -0.157256 0.062741 
Generation 181 Fitness:8.160424
-0.002121 0.014235 -4.318571 -0.102747 -0.064147 0.123355 -0.038385 -0.082186 -1.712353 -0.163569 0.047622 0.106054 0.018826 0.138057 -1.393982 -0.138364 0.085567 -0.047326 0.047751 
Generation 182 Fitness:8.403042
-0.003001 0.014235 -1.572358 -0.098589 -0.068305 0.123355 -0.043654 -0.082452 -1.965204 -0.141248 0.047622 0.079531 0.018826 0.149229 -1.789851 -0.138364 0.102758 -0.014356 0.037514 
Generation 183 Fitness:8.531207
-0.009803 0.014235 -5.373390 -0.090938 -0.044993 0.061259 -0.043654 -0.067776 -1.808362 -0.138706 0.047622 0.079531 -0.001912 0.130925 -1.580486 -0.085079 0.085567 -0.032617 0.062741 
Generation 184 Fitness:8.395701
-0.007097 -0.000464 -1.542956 -0.098589 -0.084778 0.097149 -0.052078 -0.069520 -1.952186 -0.126404 0.047622 0.071520 0.018826 0.136139 -1.770103 -0.165454 0.072713 0.374689 0.063858 
Generation 185 Fitness:7.745424
-0.002121 0.025201 -7.500288 -0.077369 -0.068305 0.079820 -0.055482 -0.067776 -1.987452 -0.197003 0.087243 0.079531 0.018826 0.130925 -1.668053 -0.138364 0.098038 -0.157256 0.062867 
Generation 186 Fitness:8.287127
-0.009803 0.001103 -4.085063 -0.102747 -0.060420 0.080765 -0.055482 -0.069520 -1.937679 -0.149458 0.047622 0.078711 0.020737 0.138057 -1.270635 -0.102533 0.085567 -0.047326 0.054488 
Generation 187 Fitness:9.059733
0.001308 0.014235 -5.148751 -0.090938 -0.064659 0.123353 -0.031805 -0.082452 -1.886053 -0.126404 0.047622 0.079531 0.018826 0.130925 -1.883771 -0.168058 0.103656 -0.065037 0.047751 
Generation 188 Fitness:8.054958
0.005337 -0.004559 -1.943196 -0.098589 -0.077130 0.123355 -0.031805 -0.083533 -1.946824 -0.138706 0.043205 0.079531 0.016355 0.130925 -1.580486 -0.168058 0.085567 -0.065037 0.060539 
Generation 189 Fitness:6.505351
-0.007097 0.014235 -7.500288 -0.059080 -0.068305 0.061257 -0.052078 -0.082452 -1.523015 -0.150994 0.047622 0.100637 0.016355 0.138057 -1.270635 -0.085079 0.085567 -0.065037 0.054488 
Generation 190 Fitness:8.838022
0.003703 0.015100 -9.897232 -0.102747 -0.084778 0.123355 -0.038385 -0.082452 -1.363948 -0.145788 0.047622 0.071520 0.020737 0.138057 -1.394046 -0.168058 0.098038 0.067181 0.054488 
Generation 191 Fitness:7.170946
-0.002121 0.004662 -7.500288 -0.066693 -0.084778 0.079820 -0.055482 -0.083533 -1.965552 -0.163569 0.047622 0.108147 0.018826 0.138057 -1.769372 -0.114415 0.103656 0.010290 0.062931 
Generation 192 Fitness:9.408662
0.003695 0.014235 -8.439962 -0.077369 -0.098524 0.123355 -0.052078 -0.069476 -1.831612 -0.167093 0.047622 0.106054 0.020737 0.138057 -1.799921 -0.138364 0.082183 0.067181 0.054488 
Generation 193 Fitness:8.939177
-0.002121 0.014457 -7.500288 -0.098589 -0.063635 0.079820 -0.052078 -0.068663 -1.917636 -0.157826 0.047622 0.130897 0.018826 0.130925 -1.598121 -0.085079 0.072713 -0.064554 0.054488 
Generation 194 Fitness:11.186978
-0.007097 0.004662 -9.897232 -0.116242 -0.060420 0.123355 -0.043654 -0.077526 -1.857744 -0.145788 0.043205 0.116159 0.020737 0.149229 -1.713443 -0.138364 0.085567 -0.062536 0.054488 
Generation 195 Fitness:7.054041
-0.010496 0.001103 -1.333355 -0.098589 -0.060420 0.080765 -0.059730 -0.082452 -1.777504 -0.145819 0.047622 0.108275 0.020737 0.145860 -1.373112 -0.069745 0.085567 -0.034375 0.054488 
Generation 196 Fitness:10.296791
-0.009803 -0.000464 -1.542956 -0.102747 -0.104380 0.161881 -0.031805 -0.077526 -1.712353 -0.150994 0.047622 0.116223 0.035328 0.145860 -1.780500 -0.165582 0.072713 -0.034375 0.054488 
Generation 197 Fitness:9.219995
-0.009803 0.004662 -5.373390 -0.077369 -0.063635 0.080765 -0.043654 -0.077526 -1.951865 -0.162948 0.047622 0.106054 0.018826 0.149229 -1.311384 -0.168058 0.103656 -0.061512 0.044629 
Generation 198 Fitness:9.202318
-0.002121 0.001103 -1.633578 -0.102747 -0.077130 0.123355 -0.052078 -0.077526 -1.847253 -0.138706 0.043205 0.103365 0.021761 0.145860 -1.769372 -0.114415 0.074219 -0.013587 0.054488 
Generation 199 Fitness:8.500549
-0.007097 0.014235 -5.859785 -0.077369 -0.079957 0.108969 -0.047017 -0.068663 -2.011916 -0.138706 0.047622 0.079531 0.018826 0.138057 -1.559317 -0.168284 0.085567 0.015219 0.054488 
Generation 200 Fitness:8.602597
-0.002121 0.015100 -7.500288 -0.077369 -0.079957 0.099679 -0.055482 -0.082452 -1.501755 -0.126404 0.047622 0.071520 0.020737 0.145860 -1.260652 -0.136316 0.074235 -0.061512 0.054488 
Generation 201 Fitness:7.805367
0.005341 0.014235 -8.608007 -0.077369 -0.077130 0.123355 -0.043654 -0.083533 -1.937679 -0.167093 0.047518 0.116223 0.018570 0.145860 -1.580486 -0.138364 0.072713 -0.065037 0.044629 
Generation 202 Fitness:7.739368
0.001308 0.014457 -9.897232 -0.090938 -0.064147 0.061257 -0.052078 -0.077526 -1.965552 -0.145819 0.047622 0.100637 0.021761 0.145860 -1.713443 -0.163962 0.074219 0.067181 0.054488 
Generation 203 Fitness:7.800664
-0.007097 -0.000496 -1.481443 -0.077369 -0.064659 0.099679 -0.031805 -0.077526 -1.990718 -0.149458 0.047622 0.079531 0.016355 0.136139 -1.799921 -0.138364 0.085567 -0.048653 0.054488 
Generation 204 Fitness:6.922708
-0.007097 -0.007711 -8.608007 -0.103744 -0.084778 0.108969 -0.047017 -0.077526 -1.936456 -0.163569 0.047622 0.116223 0.018826 0.130669 -1.644108 -0.168058 0.158230 0.098733 0.062741 
Generation 205 Fitness:7.793111
0.003695 0.004662 -5.148751 -0.098589 -0.077130 0.108969 -0.052078 -0.077526 -1.749008 -0.150994 0.047622 0.103365 0.020737 0.136139 -1.560015 -0.138364 0.098038 0.010258 0.053898 
Generation 206 Fitness:7.133046
-0.002121 -0.000464 -7.500288 -0.098589 -0.077130 0.123353 -0.038385 -0.082452 -1.994488 -0.163012 0.043205 0.108147 0.018826 0.133961 -1.423107 -0.168058 0.103656 -0.063562 0.060539 
Generation 207 Fitness:8.671289
-0.002121 0.014235 -7.500288 -0.098589 -0.077130 0.108969 -0.052078 -0.082452 -1.886053 -0.150994 0.047622 0.106054 0.020737 0.136139 -1.580486 -0.138364 0.103656 -0.047326 0.062741 
Generation 208 Fitness:7.491196
0.005731 -0.000496 -1.993288 -0.077369 -0.084778 0.108969 -0.038385 -0.082452 -1.857744 -0.149458 0.047622 0.079531 0.018826 0.136139 -1.793545 -0.138165 0.074219 0.015219 0.054488 
Generation 209 Fitness:7.820214
-0.002121 -0.000464 -5.047225 -0.077369 -0.077130 0.080765 -0.047017 -0.083533 -1.951865 -0.145788 0.043205 0.106054 0.016355 0.138057 -1.713443 -0.114415 0.094367 0.098733 0.054488 
Generation 210 Fitness:9.316901
-0.007097 -0.000496 -4.318571 -0.077369 -0.063635 0.079820 -0.038385 -0.082452 -1.965552 -0.145788 0.047518 0.079531 0.018826 0.138057 -1.668053 -0.138165 0.094367 0.010294 0.054488 
Generation 211 Fitness:8.142152
-0.007097 0.004662 -5.148751 -0.077369 -0.063635 0.080765 -0.038385 -0.082452 -1.770580 -0.163012 0.047622 0.103365 0.018826 0.138057 -1.560015 -0.138364 0.102758 -0.047326 0.054488 
Generation 212 Fitness:7.065325
-0.002121 0.004662 -1.993288 -0.077369 -0.063635 0.080765 -0.038385 -0.083533 -1.953448 -0.145788 0.047622 0.071520 0.018826 0.136139 -1.797580 -0.138364 0.085567 -0.032617 0.054488 
Generation 213 Fitness:7.484389
-0.002121 0.004662 -8.735101 -0.077369 -0.063635 0.080765 -0.038385 -0.077526 -1.579699 -0.155090 0.047518 0.106054 0.018826 0.136139 -1.883771 -0.138133 0.102632 -0.014356 0.054488 
Generation 214 Fitness:9.261184
-0.007097 0.010139 -1.894069 -0.075782 -0.077130 0.097149 -0.043654 -0.082452 -1.920680 -0.145788 0.047622 0.079531 0.020737 0.138057 -1.667163 -0.138364 0.085567 -0.013587 0.054488 
Generation 215 Fitness:9.617880
-0.002121 -0.000464 -5.148751 -0.077369 -0.079957 0.082323 -0.052078 -0.069520 -1.831612 -0.145788 0.047622 0.103365 0.018826 0.136139 -1.610857 -0.138364 0.085695 0.098733 0.053898 
Generation 216 Fitness:7.781294
-0.002121 0.004662 -8.608007 -0.077369 -0.063635 0.080765 -0.043654 -0.082452 -1.857744 -0.155377 0.047622 0.103365 0.020737 0.142277 -1.780500 -0.168058 0.085567 0.098733 0.054488 
Generation 217 Fitness:9.174832
-0.007097 0.004662 -7.500288 -0.077369 -0.060420 0.080765 -0.038385 -0.082452 -1.777504 -0.145788 0.047622 0.103365 0.020737 0.138073 -1.780532 -0.138364 0.103656 -0.061512 0.053898 
Generation 218 Fitness:8.344763
-0.007097 0.004662 -8.608007 -0.077369 -0.079957 0.123355 -0.038385 -0.083533 -1.825777 -0.150994 0.047622 0.079531 0.020739 0.138057 -1.780500 -0.138165 0.103656 0.010258 0.054488 
Generation 219 Fitness:8.637984
-0.007097 0.014235 -7.500288 -0.075782 -0.063891 0.080733 -0.043654 -0.077526 -1.846229 -0.145883 0.047622 0.103365 0.016355 0.138057 -1.850914 -0.138133 0.098038 -0.061512 0.060539 
Generation 220 Fitness:9.478703
-0.002121 0.004662 -1.776734 -0.098589 -0.084778 0.123355 -0.043654 -0.077526 -1.847253 -0.155090 0.047622 0.103365 0.018826 0.136139 -1.789851 -0.138364 0.069990 0.098733 0.060539 
Generation 221 Fitness:8.117547
-0.002121 -0.000464 -4.318571 -0.077369 -0.077130 0.080767 -0.043654 -0.082452 -1.987420 -0.138706 0.047622 0.079531 0.018826 0.138057 -1.667163 -0.123881 0.103656 -0.061512 0.054488 
Generation 222 Fitness:8.639056
-0.002121 0.012409 -9.149948 -0.075782 -0.060420 0.080765 -0.043654 -0.077526 -1.712353 -0.157826 0.047622 0.106054 0.016355 0.138057 -1.580486 -0.138364 0.085567 -0.065037 0.053898 
Generation 223 Fitness:8.762321
-0.009803 0.014235 -8.735229 -0.077369 -0.064659 0.080765 -0.043654 -0.067776 -1.937679 -0.150994 0.047622 0.103365 0.020737 0.136139 -1.770103 -0.138165 0.085567 -0.045128 0.054488 
Generation 224 Fitness:8.193413
-0.002121 0.001103 -7.500288 -0.075321 -0.063635 0.080765 -0.038385 -0.083533 -1.936456 -0.154609 0.047622 0.079531 0.018826 0.136139 -1.780532 -0.138364 0.103656 -0.032617 0.054488 
Generation 225 Fitness:9.406500
-0.002121 -0.000496 -1.708122 -0.077369 -0.064659 0.080765 -0.043654 -0.082452 -1.999192 -0.150994 0.047622 0.079531 0.018826 0.136139 -1.685983 -0.138165 0.102758 0.010290 0.054488 
Generation 226 Fitness:10.999518
-0.002121 0.014235 -8.608007 -0.077369 -0.064147 0.079820 -0.043654 -0.077526 -1.979148 -0.149458 0.047622 0.103365 0.020737 0.136139 -1.667163 -0.168284 0.085567 -0.047326 0.054488 
Generation 227 Fitness:8.530705
-0.003001 0.012409 -8.608007 -0.076857 -0.064147 0.080765 -0.038385 -0.077526 -1.997262 -0.154609 0.047622 0.079531 0.016355 0.136143 -1.753452 -0.138364 0.085567 -0.061512 0.054488 
Generation 228 Fitness:8.878265
-0.002121 0.004662 -8.608007 -0.077369 -0.063635 0.080765 -0.043654 -0.077526 -1.999192 -0.150994 0.047622 0.079531 0.018826 0.136139 -1.713443 -0.168284 0.103656 0.015219 0.054488 
Generation 229 Fitness:8.102407
-0.002121 0.012409 -7.500256 -0.075782 -0.077130 0.080765 -0.043654 -0.077526 -1.920680 -0.145819 0.047622 0.078711 0.020737 0.138057 -1.685983 -0.138364 0.074091 -0.013587 0.054488 
Generation 230 Fitness:8.689150
-0.002121 0.004662 -7.500288 -0.077369 -0.068305 0.080765 -0.043654 -0.077526 -1.913825 -0.149458 0.047622 0.079531 0.018826 0.138057 -1.668053 -0.168058 0.102758 0.010290 0.054488 
Generation 231 Fitness:9.298411
-0.002121 0.012409 -8.486677 -0.077369 -0.064147 0.080765 -0.043654 -0.077526 -1.987420 -0.163505 0.047622 0.106054 0.020737 0.136139 -1.580486 -0.168058 0.103656 -0.061512 0.053898 
Generation 232 Fitness:8.491985
-0.002121 0.012409 -8.608007 -0.077369 -0.063635 0.081789 -0.043654 -0.077526 -1.936456 -0.145819 0.047622 0.078711 0.018826 0.136139 -1.799921 -0.138364 0.102766 -0.064554 0.054488 
Generation 233 Fitness:9.346002
-0.002121 0.014235 -7.500288 -0.077369 -0.064659 0.080765 -0.043654 -0.077526 -1.976864 -0.150994 0.047622 0.108147 0.018826 0.138057 -1.780500 -0.138165 0.074235 -0.047326 0.054488 
Generation 234 Fitness:7.070187
-0.002121 0.004662 -8.439962 -0.077369 -0.068305 0.080765 -0.043654 -0.082452 -1.917636 -0.145788 0.047622 0.079531 0.018826 0.138057 -1.643762 -0.138364 0.085567 0.015219 0.054488 
Generation 235 Fitness:9.010265
-0.002121 0.004662 -3.716643 -0.075782 -0.063635 0.079820 -0.043654 -0.082452 -1.847253 -0.149458 0.043205 0.103365 0.016355 0.138057 -1.797162 -0.138133 0.102758 0.010294 0.054488 
Generation 236 Fitness:8.032420
-0.002121 0.004662 -7.500288 -0.075782 -0.063635 0.079820 -0.043654 -0.077526 -1.997262 -0.138706 0.047622 0.079531 0.018826 0.136143 -1.753452 -0.138364 0.085567 -0.061512 0.053898 
Generation 237 Fitness:8.275321
-0.002121 0.004662 -8.735101 -0.081465 -0.068305 0.079820 -0.038385 -0.077526 -1.976864 -0.150994 0.043205 0.079531 0.016355 0.136139 -1.598121 -0.138133 0.085567 -0.016186 0.053898 
Generation 238 Fitness:8.996478
-0.002121 0.012409 -9.897232 -0.077369 -0.064147 0.080765 -0.043654 -0.077526 -1.835093 -0.145788 0.047622 0.079531 0.016355 0.138057 -1.668053 -0.138165 0.085567 -0.065037 0.054488 
Generation 239 Fitness:7.797903
-0.002121 0.004662 -7.261788 -0.077369 -0.068305 0.080765 -0.043686 -0.077526 -1.770580 -0.150994 0.047622 0.079531 0.016355 0.136139 -1.668053 -0.138165 0.103656 0.010258 0.053898 
Generation 240 Fitness:6.901071
-0.002121 0.004662 -9.897232 -0.077369 -0.068305 0.075724 -0.043654 -0.077526 -1.987452 -0.150994 0.043205 0.106054 0.018826 0.136139 -1.683590 -0.138165 0.085567 0.015219 0.054488 
Generation 241 Fitness:8.379657
-0.002121 0.004662 -8.608007 -0.077369 -0.077130 0.079820 -0.043654 -0.077526 -2.011916 -0.138706 0.047622 0.079531 0.018826 0.136139 -1.668053 -0.138364 0.085567 -0.013587 0.054488 
Generation 242 Fitness:8.403352
-0.002121 0.004662 -8.608007 -0.075782 -0.063635 0.080765 -0.043686 -0.082186 -2.011916 -0.145883 0.047622 0.079531 0.018826 0.138057 -1.770103 -0.138133 0.085567 -0.013587 0.054488 
Generation 243 Fitness:9.434817
-0.002121 0.004662 -5.148751 -0.077369 -0.063635 0.080765 -0.043654 -0.077526 -1.994488 -0.150994 0.047622 0.091130 0.016355 0.136139 -1.770103 -0.138364 0.085567 0.015219 0.054488 
Generation 244 Fitness:9.098339
-0.002121 0.004662 -8.608007 -0.077369 -0.064659 0.080765 -0.043654 -0.077526 -1.999192 -0.145788 0.047622 0.079531 0.018826 0.136139 -1.799921 -0.138165 0.085567 -0.014356 0.054488 
Generation 245 Fitness:8.689318
-0.002121 0.004662 -9.897232 -0.077369 -0.068305 0.079820 -0.043654 -0.082186 -1.926605 -0.155377 0.047622 0.079531 0.018826 0.138057 -1.796556 -0.138165 0.118335 -0.013587 0.054488 
Generation 246 Fitness:9.820094
-0.003001 0.004662 -7.500288 -0.077369 -0.068305 0.080765 -0.043654 -0.077526 -1.999192 -0.145788 0.043205 0.100637 0.016355 0.136139 -1.667163 -0.138165 0.085567 0.015219 0.054488 
Generation 247 Fitness:8.001776
-0.002121 0.004662 -8.608007 -0.077369 -0.063635 0.080765 -0.043654 -0.077526 -1.987420 -0.141248 0.047622 0.079531 0.016355 0.136139 -1.685983 -0.138364 0.085567 -0.032617 0.054488 
Generation 248 Fitness:7.155698
-0.002121 0.004662 -9.132295 -0.077369 -0.064147 0.080765 -0.043654 -0.077526 -1.976864 -0.145883 0.047622 0.079531 0.016355 0.136139 -1.667163 -0.138165 0.085567 0.015219 0.053898 
Generation 249 Fitness:9.912684
-0.002121 0.005199 -7.500288 -0.075782 -0.063635 0.080765 -0.043654 -0.077526 -1.985396 -0.141248 0.047622 0.079531 0.016355 0.136139 -1.770103 -0.138165 0.085567 -0.016685 0.054488 
Generation 250 Fitness:8.000148
-0.002121 0.005199 -8.608007 -0.077369 -0.064147 0.079820 -0.043654 -0.077526 -1.920680 -0.145819 0.047622 0.079531 0.016355 0.136139 -1.667163 -0.138364 0.085567 0.015219 0.054488 
Generation 251 Fitness:7.778410
-0.002121 0.004662 -9.132295 -0.077369 -0.068305 0.080765 -0.043654 -0.077526 -1.951865 -0.141248 0.047622 0.079531 0.018826 0.136139 -1.769372 -0.138165 0.085567 0.010294 0.054488 
Generation 252 Fitness:8.973170
-0.002121 0.004662 -8.608007 -0.077369 -0.063635 0.079820 -0.043654 -0.077526 -1.953704 -0.141248 0.047622 0.079531 0.016355 0.136139 -1.753452 -0.138876 0.085567 0.015219 0.054488 
Generation 253 Fitness:8.818244
-0.002121 0.004662 -8.608007 -0.077369 -0.068305 0.080765 -0.043654 -0.077526 -1.953704 -0.141248 0.047622 0.078711 0.018826 0.136139 -1.753452 -0.138364 0.085567 0.015219 0.053898 
Generation 254 Fitness:9.560492
-0.002121 0.004662 -8.608007 -0.084794 -0.068305 0.080765 -0.043654 -0.077526 -1.976864 -0.150994 0.047622 0.079531 0.018826 0.138061 -1.732028 -0.138364 0.085567 0.010258 0.054488 
Generation 255 Fitness:8.751156
-0.002121 0.012854 -9.897232 -0.077369 -0.063635 0.080765 -0.043654 -0.077526 -1.934578 -0.145819 0.043205 0.103109 0.018826 0.138057 -1.753452 -0.138165 0.085567 -0.047326 0.054488 
Generation 256 Fitness:9.414582
-0.002121 0.012854 -8.608007 -0.075782 -0.068305 0.080765 -0.043654 -0.077526 -1.951865 -0.149458 0.047622 0.103365 0.018826 0.136143 -1.799921 -0.136316 0.085567 -0.048750 0.054488 
Generation 257 Fitness:9.427765
-0.002121 0.004660 -9.897232 -0.077369 -0.068305 0.080765 -0.043654 -0.077526 -2.011916 -0.145788 0.047622 0.079531 0.018826 0.136139 -1.769372 -0.138364 0.085567 0.010258 0.054488 
Generation 258 Fitness:7.432795
-0.002121 0.005199 -9.897232 -0.077369 -0.068305 0.080765 -0.043654 -0.077526 -1.999192 -0.146546 0.047622 0.091130 0.016355 0.138057 -1.685983 -0.138165 0.085567 -0.014356 0.054488 
Generation 259 Fitness:7.380485
-0.002121 0.004662 -8.735101 -0.081465 -0.068305 0.079820 -0.043654 -0.077526 -1.999192 -0.146546 0.047622 0.087904 0.018826 0.136139 -1.685983 -0.138165 0.085567 0.015219 0.053898 
Generation 260 Fitness:7.450243
-0.002121 0.012854 -8.608007 -0.077369 -0.068305 0.080765 -0.043654 -0.077526 -1.987452 -0.150994 0.040593 0.103365 0.018826 0.136139 -1.667163 -0.138133 0.085567 -0.014356 0.054488 
Generation 261 Fitness:7.351277
-0.002121 0.021046 -9.897232 -0.077369 -0.068305 0.080765 -0.043654 -0.077526 -1.985396 -0.150994 0.047622 0.079531 0.018826 0.136139 -1.713443 -0.138364 0.085567 -0.013587 0.054488 
Generation 262 Fitness:7.576429
-0.002121 0.012854 -8.608007 -0.077369 -0.063635 0.080765 -0.043654 -0.077526 -1.934578 -0.150994 0.047518 0.079531 0.018826 0.136155 -1.713443 -0.138364 0.085567 -0.013587 0.054488 
Generation 263 Fitness:7.070968
-0.002121 0.021046 -8.608007 -0.075782 -0.068305 0.079820 -0.043654 -0.077526 -1.847253 -0.145819 0.047622 0.079531 0.018826 0.136139 -1.797580 -0.138165 0.085567 0.010258 0.054488 
Generation 264 Fitness:7.625045
-0.002121 0.021046 -8.608007 -0.075782 -0.064659 0.079820 -0.043654 -0.077526 -1.920680 -0.145819 0.047622 0.079531 0.018826 0.136139 -1.770103 -0.138165 0.085567 -0.034375 0.054488 
Generation 265 Fitness:9.152630
-0.002121 0.021046 -8.735101 -0.077369 -0.068305 0.080765 -0.043654 -0.077526 -1.847253 -0.150994 0.047622 0.078711 0.018826 0.136139 -1.753452 -0.138165 0.085567 0.015219 0.054488 
Generation 266 Fitness:10.405260
-0.002121 0.021046 -8.735101 -0.077369 -0.068305 0.079820 -0.043686 -0.077526 -1.994488 -0.149458 0.047622 0.087904 0.018826 0.136155 -1.753452 -0.138364 0.085567 -0.013587 0.054488 
Generation 267 Fitness:9.700988
-0.002121 0.021046 -8.735101 -0.081465 -0.063635 0.080765 -0.043654 -0.077526 -1.999192 -0.149458 0.047622 0.079531 0.018826 0.136139 -1.732028 -0.138364 0.085567 -0.014356 0.053898 
Generation 268 Fitness:8.502620
-0.002121 0.012854 -9.897232 -0.077369 -0.063635 0.080765 -0.043654 -0.077712 -1.886053 -0.146546 0.047622 0.087904 0.018826 0.136139 -1.757245 -0.138165 0.085567 -0.012922 0.054488 
Generation 269 Fitness:8.784067
-0.002121 0.021046 -9.897232 -0.077369 -0.064147 0.079820 -0.043654 -0.077526 -2.011916 -0.150994 0.047622 0.087904 0.018826 0.136139 -1.753452 -0.138165 0.085567 -0.013587 0.053898 
Generation 270 Fitness:7.922166
-0.002121 0.021046 -9.132295 -0.077369 -0.068305 0.079820 -0.043654 -0.077526 -1.999192 -0.150994 0.047622 0.079531 0.018826 0.136143 -1.769372 -0.138364 0.085567 -0.013587 0.054488 
Generation 271 Fitness:7.739630
-0.002121 0.021046 -9.132295 -0.077369 -0.063635 0.080765 -0.043654 -0.077526 -1.934578 -0.145883 0.047518 0.079531 0.018826 0.136139 -1.797162 -0.138364 0.085567 -0.016685 0.054344 
Generation 272 Fitness:7.867022
-0.002633 0.012854 -9.897232 -0.077369 -0.068305 0.080765 -0.043654 -0.077526 -1.990718 -0.145788 0.047622 0.087904 0.018826 0.136139 -1.780500 -0.138364 0.085567 0.010258 0.053898 
Generation 273 Fitness:8.217128
-0.003001 0.021046 -9.897232 -0.077369 -0.068305 0.080765 -0.043654 -0.077526 -1.999192 -0.150994 0.047622 0.079531 0.018826 0.136139 -1.753452 -0.138364 0.085567 0.015219 0.054488 
Generation 274 Fitness:8.685240
-0.002121 0.021046 -9.897232 -0.077369 -0.068305 0.080765 -0.043654 -0.077526 -1.913825 -0.145788 0.047622 0.079531 0.018826 0.136139 -1.782168 -0.138364 0.085567 -0.001607 0.054488 
Generation 275 Fitness:9.456654
-0.002121 0.021046 -9.897232 -0.077369 -0.064659 0.080765 -0.043654 -0.077526 -2.011916 -0.145788 0.047518 0.079531 0.018826 0.136139 -1.782168 -0.138364 0.085567 -0.013587 0.053898 
Generation 276 Fitness:6.809739
-0.003001 0.012854 -9.897232 -0.077369 -0.068305 0.080765 -0.043654 -0.077526 -1.987452 -0.146546 0.047622 0.079531 0.018826 0.136139 -1.753452 -0.138364 0.085567 0.015219 0.054488 
Generation 277 Fitness:7.687720
-0.002121 0.021046 -9.897232 -0.077369 -0.068305 0.079820 -0.043654 -0.077526 -1.987452 -0.145819 0.047518 0.087904 0.018826 0.136139 -1.782168 -0.138364 0.085567 -0.013587 0.053898 
Generation 278 Fitness:8.920951
-0.002121 0.021046 -9.897232 -0.077369 -0.068305 0.080765 -0.043654 -0.077526 -1.965552 -0.145788 0.047622 0.078711 0.018826 0.136139 -1.797580 -0.138165 0.085823 0.015219 0.053898 
Generation 279 Fitness:6.737394
-0.002121 0.012854 -9.897232 -0.077369 -0.065172 0.080765 -0.043654 -0.077526 -1.987452 -0.145691 0.047622 0.079531 0.016355 0.136139 -1.769372 -0.138364 0.085823 0.010258 0.054488 
Generation 280 Fitness:7.699509
-0.003145 0.021046 -9.897232 -0.077369 -0.068305 0.080765 -0.043654 -0.077526 -1.913825 -0.145788 0.047622 0.079531 0.018826 0.136139 -1.753452 -0.138364 0.085567 0.015219 0.054488 
Generation 281 Fitness:8.741964
-0.003001 0.021046 -9.897232 -0.077369 -0.068305 0.080765 -0.043654 -0.077526 -1.913825 -0.145788 0.047622 0.079531 0.018570 0.136139 -1.753452 -0.138364 0.085567 0.015219 0.054488 
Generation 282 Fitness:7.057485
-0.003001 0.021046 -9.897232 -0.077369 -0.068305 0.080765 -0.043654 -0.077526 -1.987420 -0.150994 0.047518 0.079531 0.018826 0.136139 -1.753452 -0.138300 0.085567 0.015219 0.053898 
Generation 283 Fitness:8.311460
-0.003001 0.021046 -9.897232 -0.077369 -0.068305 0.080765 -0.043654 -0.077526 -1.999192 -0.145788 0.047518 0.079531 0.018570 0.136139 -1.780532 -0.138364 0.085567 0.010294 0.054488 
Generation 284 Fitness:8.802112
-0.003001 0.021046 -9.897232 -0.077369 -0.068305 0.080765 -0.043654 -0.077526 -1.965552 -0.145788 0.047622 0.079531 0.018570 0.136139 -1.769372 -0.138364 0.085567 0.015219 0.053898 
Generation 285 Fitness:7.728153
-0.003001 0.021046 -9.897232 -0.077369 -0.068305 0.080765 -0.043654 -0.077526 -2.011916 -0.145788 0.047622 0.079531 0.018826 0.136139 -1.789851 -0.138165 0.085567 0.010294 0.053898 
Generation 286 Fitness:8.041948
-0.003001 0.021046 -9.897232 -0.077369 -0.068305 0.080765 -0.043654 -0.077526 -1.997262 -0.145819 0.047622 0.079531 0.018826 0.135627 -1.753452 -0.138364 0.085567 0.010294 0.053898 
Generation 287 Fitness:7.660049
-0.003001 0.021046 -9.897232 -0.077369 -0.068305 0.082323 -0.043654 -0.077526 -1.920680 -0.145788 0.047622 0.079531 0.018826 0.136139 -1.769372 -0.138133 0.085567 0.015219 0.053898 
Generation 288 Fitness:9.092329
-0.003001 0.021046 -9.897232 -0.075782 -0.068305 0.082323 -0.043654 -0.077526 -1.953448 -0.145788 0.047622 0.079531 0.018826 0.136139 -1.770103 -0.138364 0.085567 0.010242 0.053898 
Generation 289 Fitness:8.601621
-0.003001 0.021046 -9.897232 -0.077369 -0.068305 0.082323 -0.043654 -0.077526 -1.999192 -0.145788 0.047518 0.079531 0.018570 0.136139 -1.753452 -0.138364 0.085567 0.010294 0.053898 
Generation 290 Fitness:6.079162
-0.003001 0.021046 -9.897232 -0.077369 -0.068305 0.082323 -0.043654 -0.077526 -2.011916 -0.145788 0.047618 0.079531 0.018826 0.136139 -1.789851 -0.138364 0.085567 0.015219 0.053898 
Generation 291 Fitness:9.300867
-0.003001 0.021046 -9.897232 -0.077369 -0.064659 0.080765 -0.043654 -0.077526 -1.990718 -0.145819 0.047622 0.079531 0.018570 0.136139 -1.793545 -0.138364 0.085567 0.010258 0.053962 
Generation 292 Fitness:7.485273
-0.003001 0.021046 -9.897232 -0.076857 -0.068305 0.082323 -0.043654 -0.077526 -2.011916 -0.145819 0.047622 0.079531 0.018570 0.136139 -1.769372 -0.138364 0.085567 0.015219 0.053898 
Generation 293 Fitness:6.889036
-0.003001 0.021046 -14.091536 -0.077369 -0.068305 0.080765 -0.043654 -0.077526 -1.994488 -0.145819 0.047622 0.079531 0.018570 0.136139 -1.753452 -0.138364 0.085567 0.010258 0.053898 
Generation 294 Fitness:7.965664
-0.003001 0.021046 -11.994384 -0.077369 -0.068305 0.080765 -0.043686 -0.077526 -2.011916 -0.145788 0.047622 0.079531 0.018826 0.136139 -1.770103 -0.138364 0.085551 0.010258 0.054488 
Generation 295 Fitness:7.591312
-0.003001 0.021046 -9.897232 -0.075782 -0.068305 0.082323 -0.043654 -0.077526 -1.994488 -0.145788 0.047622 0.078711 0.018570 0.136139 -1.782168 -0.138133 0.085567 0.010258 0.053464 
Generation 296 Fitness:9.294896
-0.003001 0.021046 -9.897232 -0.077369 -0.068305 0.086419 -0.043654 -0.077526 -1.979148 -0.145788 0.047622 0.079531 0.018826 0.136139 -1.780532 -0.138133 0.085567 0.015219 0.053898 
Generation 297 Fitness:7.593933
-0.003001 0.021046 -10.421520 -0.077369 -0.068305 0.082323 -0.043654 -0.077782 -1.965552 -0.145788 0.047622 0.079531 0.018826 0.136139 -1.780500 -0.138364 0.085567 0.015219 0.053898 
Generation 298 Fitness:7.235465
-0.003001 0.021046 -9.897232 -0.077369 -0.068305 0.090515 -0.043654 -0.077526 -1.987452 -0.145788 0.047622 0.079531 0.018570 0.136139 -1.769436 -0.138364 0.085567 0.010258 0.053464 
Generation 299 Fitness:8.237787
-0.003001 0.023094 -9.897232 -0.077369 -0.068305 0.082321 -0.043686 -0.077782 -2.011916 -0.145788 0.047622 0.079531 0.018826 0.136139 -1.780500 -0.138165 0.085567 0.015219 0.053898 
Generation 300 Fitness:7.797818
-0.003001 0.021046 -9.897232 -0.077369 -0.068305 0.090515 -0.043654 -0.077526 -1.976864 -0.145788 0.047622 0.078711 0.018570 0.136139 -1.789851 -0.138165 0.085567 0.015219 0.053898 
Generation 301 Fitness:7.230709
-0.003001 0.029238 -9.897232 -0.077369 -0.068305 0.090515 -0.043654 -0.077782 -1.990718 -0.145788 0.047622 0.078711 0.018570 0.136139 -1.769372 -0.138165 0.085567 0.015219 0.053898 
Generation 302 Fitness:7.893171
-0.003145 0.023094 -9.897232 -0.077369 -0.068305 0.086419 -0.043654 -0.077526 -1.985396 -0.145883 0.047622 0.079531 0.018570 0.136139 -1.797162 -0.138133 0.085567 0.015219 0.053898 
Generation 303 Fitness:8.698457
-0.003145 0.023094 -9.897232 -0.077369 -0.068305 0.090515 -0.043654 -0.077526 -1.985396 -0.145788 0.047622 0.079531 0.018570 0.136139 -1.797162 -0.138364 0.085567 0.015219 0.053898 
Generation 304 Fitness:7.192049
-0.003001 0.021046 -9.897232 -0.077369 -0.068305 0.090515 -0.043654 -0.077782 -1.997262 -0.145788 0.047622 0.079531 0.018570 0.136139 -1.782232 -0.138364 0.085567 0.015219 0.053464 
Generation 305 Fitness:6.780898
-0.003001 0.021046 -9.897232 -0.077369 -0.068305 0.090515 -0.043910 -0.077526 -1.990718 -0.145819 0.047622 0.079531 0.018570 0.136139 -1.780532 -0.139189 0.085567 0.015219 0.053464 
Generation 306 Fitness:6.870132
-0.003001 0.023094 -9.897232 -0.077369 -0.068305 0.090515 -0.043654 -0.077782 -1.994488 -0.145819 0.047622 0.079531 0.018442 0.136139 -1.782168 -0.138364 0.085551 0.015219 0.053464 
Generation 307 Fitness:9.110189
-0.003001 0.023094 -9.897232 -0.077369 -0.068305 0.090515 -0.043654 -0.077782 -1.990718 -0.145819 0.047622 0.079531 0.018570 0.136139 -1.789851 -0.138364 0.085567 0.015219 0.053464 
Generation 308 Fitness:7.483004
-0.003001 0.021046 -9.897232 -0.077369 -0.068305 0.090515 -0.043654 -0.077782 -1.990718 -0.145819 0.047622 0.079531 0.018570 0.135627 -1.780500 -0.138364 0.085567 0.015219 0.053464 
Generation 309 Fitness:7.027201
-0.003001 0.023094 -9.897232 -0.077369 -0.068305 0.090515 -0.043654 -0.077782 -2.011916 -0.145883 0.047622 0.079529 0.018570 0.135627 -1.780500 -0.138364 0.085551 0.015219 0.053464 
Generation 310 Fitness:7.801538
-0.003001 0.023094 -9.897232 -0.077369 -0.068305 0.090515 -0.043910 -0.077782 -1.999192 -0.145788 0.047622 0.079531 0.018570 0.135627 -1.782168 -0.138364 0.085567 0.015219 0.053464 
Generation 311 Fitness:7.698335
-0.003145 0.023094 -9.897232 -0.077369 -0.067793 0.090515 -0.043654 -0.077782 -1.987452 -0.145788 0.047622 0.079531 0.018570 0.135627 -1.780500 -0.138165 0.085567 0.015219 0.053464 
Generation 312 Fitness:7.350781
-0.003001 0.024118 -9.897232 -0.077369 -0.068305 0.090515 -0.043686 -0.077782 -1.997262 -0.145819 0.047622 0.079531 0.018570 0.136139 -1.789851 -0.138364 0.085567 0.015219 0.053464 
Generation 313 Fitness:6.691283
-0.003145 0.023094 -9.897232 -0.077369 -0.068305 0.090515 -0.043910 -0.077782 -1.994488 -0.145819 0.047622 0.079531 0.018570 0.135627 -1.780500 -0.138364 0.085567 0.015219 0.053464 
Generation 314 Fitness:7.441811
-0.003001 0.023094 -9.897232 -0.077369 -0.068305 0.094611 -0.043910 -0.077782 -1.985396 -0.145819 0.047622 0.079531 0.018570 0.136011 -1.780500 -0.138364 0.085631 0.015219 0.053464 
Generation 315 Fitness:8.018995
-0.003001 0.023094 -9.897232 -0.077369 -0.068305 0.094611 -0.043654 -0.077782 -1.987452 -0.145788 0.047622 0.079531 0.018570 0.135875 -1.782168 -0.138364 0.085567 0.015219 0.053464 
Generation 316 Fitness:8.043067
-0.003001 0.023094 -9.897232 -0.077369 -0.068305 0.094611 -0.043654 -0.077782 -1.999192 -0.145788 0.047622 0.079531 0.018570 0.135627 -1.789851 -0.138165 0.085567 0.015219 0.053464 
Generation 317 Fitness:6.285477
-0.003001 0.023094 -11.994384 -0.077369 -0.068305 0.090515 -0.043654 -0.077782 -1.987452 -0.145819 0.047654 0.079531 0.018570 0.135627 -1.780532 -0.138364 0.085567 0.015219 0.053464 
Generation 318 Fitness:7.190537
-0.003145 0.023094 -11.994384 -0.077369 -0.068305 0.090515 -0.043654 -0.077782 -1.994488 -0.145819 0.047622 0.079531 0.018570 0.135627 -1.782168 -0.138133 0.085567 0.015219 0.053464 
Generation 319 Fitness:6.893926
-0.003001 0.023094 -9.897232 -0.077369 -0.068305 0.090515 -0.043910 -0.077782 -1.997262 -0.145788 0.047622 0.075435 0.018570 0.135627 -1.780500 -0.138133 0.085567 0.015219 0.053464 
Generation 320 Fitness:7.574601
-0.003145 0.023094 -9.897232 -0.077369 -0.068305 0.094611 -0.043910 -0.077782 -1.985396 -0.145819 0.047622 0.078711 0.018570 0.135627 -1.789851 -0.138364 0.085567 0.015219 0.053464 
Generation 321 Fitness:7.402316
-0.003001 0.023094 -9.897232 -0.077369 -0.068305 0.094611 -0.043910 -0.077782 -1.999192 -0.145819 0.047622 0.079531 0.018442 0.135627 -1.789851 -0.138364 0.085567 0.015219 0.053464 
Generation 322 Fitness:7.773776
-0.003145 0.023094 -9.897232 -0.077369 -0.068305 0.094611 -0.043910 -0.077782 -1.987452 -0.145788 0.047622 0.079531 0.018442 0.135627 -1.789851 -0.138364 0.085567 0.015219 0.053464 
Generation 323 Fitness:8.902337
-0.003001 0.031286 -9.897232 -0.077369 -0.068305 0.090515 -0.043910 -0.077782 -1.990718 -0.145788 0.047622 0.079531 0.018570 0.135627 -1.780532 -0.138364 0.085567 0.015219 0.053464 
Generation 324 Fitness:6.124775
-0.003145 0.024118 -9.897232 -0.077369 -0.068305 0.094611 -0.043910 -0.077782 -1.999192 -0.145883 0.047622 0.079531 0.018442 0.135627 -1.789851 -0.138364 0.085567 0.015219 0.053464 
Generation 325 Fitness:6.973909
-0.003145 0.023094 -9.897232 -0.077369 -0.068177 0.094611 -0.043910 -0.077782 -1.987452 -0.145819 0.045574 0.079531 0.018570 0.135627 -1.780500 -0.138364 0.085567 0.015219 0.053464 
Generation 326 Fitness:7.760630
-0.003145 0.024118 -9.897232 -0.077369 -0.068305 0.094611 -0.043910 -0.077782 -1.999192 -0.145819 0.047622 0.079531 0.018442 0.135627 -1.789851 -0.138364 0.085567 0.015219 0.053464 
Generation 327 Fitness:7.334657
-0.003145 0.031286 -9.897232 -0.077369 -0.068305 0.090515 -0.043910 -0.077782 -1.994488 -0.145883 0.047654 0.078711 0.018570 0.135627 -1.780532 -0.138364 0.085567 0.015219 0.053464 
Generation 328 Fitness:7.968197
-0.003145 0.024118 -9.897232 -0.077369 -0.068305 0.094611 -0.043910 -0.077782 -1.994488 -0.145883 0.047622 0.078711 0.018442 0.135627 -1.789851 -0.138165 0.085567 0.015219 0.053464 
Generation 329 Fitness:9.296804
-0.003145 0.024118 -11.994384 -0.077369 -0.068305 0.094611 -0.043910 -0.077782 -1.994488 -0.145883 0.047622 0.079531 0.018442 0.135627 -1.782168 -0.138165 0.085695 0.015219 0.053336 
Generation 330 Fitness:7.213130
-0.003145 0.024118 -9.897232 -0.077369 -0.068305 0.096659 -0.043910 -0.077782 -1.997262 -0.145819 0.047622 0.079531 0.018570 0.135627 -1.782168 -0.138364 0.085567 0.015219 0.053336 
Generation 331 Fitness:7.460281
-0.003145 0.031286 -9.897232 -0.077369 -0.068305 0.094611 -0.043910 -0.077782 -1.990718 -0.145788 0.047622 0.078711 0.018442 0.135627 -1.780500 -0.138165 0.085567 0.015219 0.053464 
Generation 332 Fitness:5.806887
-0.003001 0.024118 -9.897232 -0.077369 -0.068305 0.094611 -0.044934 -0.077782 -1.997262 -0.145788 0.047622 0.079531 0.018442 0.135627 -1.782232 -0.138364 0.085567 0.015219 0.053464 
Generation 333 Fitness:7.891730
-0.003145 0.024118 -9.897232 -0.077369 -0.068305 0.096659 -0.043910 -0.077782 -1.999192 -0.145532 0.047622 0.078711 0.018442 0.135627 -1.780532 -0.138364 0.085567 0.015219 0.053464 
Generation 334 Fitness:7.149729
-0.003145 0.024118 -9.897232 -0.077369 -0.068305 0.094611 -0.043910 -0.077782 -1.997294 -0.145788 0.047622 0.079531 0.018442 0.135627 -1.782232 -0.138364 0.085567 0.026674 0.053464 
Generation 335 Fitness:7.401340
-0.003145 0.024118 -9.897232 -0.077369 -0.068305 0.096659 -0.043910 -0.077782 -1.999192 -0.145788 0.047622 0.078711 0.018442 0.135371 -1.780500 -0.138005 0.085567 0.015219 0.053464 
Generation 336 Fitness:6.273392
-0.003145 0.024118 -9.897232 -0.077369 -0.068305 0.096659 -0.043910 -0.077782 -1.999192 -0.145788 0.047622 0.078711 0.018442 0.135371 -1.782168 -0.138364 0.085567 0.015219 0.053464 
Generation 337 Fitness:6.688208
-0.003145 0.024118 -9.897232 -0.077369 -0.068305 0.096659 -0.043910 -0.077782 -1.994488 -0.145819 0.047622 0.078711 0.018442 0.135371 -1.782168 -0.138364 0.085567 0.015219 0.053464 
Generation 338 Fitness:8.107012
-0.003145 0.024374 -9.897232 -0.077369 -0.068305 0.096659 -0.043910 -0.077782 -1.999192 -0.145788 0.047622 0.078711 0.018442 0.135371 -1.782168 -0.138364 0.085567 0.015219 0.053464 
Generation 339 Fitness:7.751160
-0.003145 0.024118 -9.897232 -0.077369 -0.068305 0.096659 -0.043910 -0.077782 -1.999192 -0.145788 0.047622 0.078711 0.018442 0.135371 -1.796916 -0.138364 0.085567 0.015219 0.053464 
Generation 340 Fitness:7.763608
-0.003145 0.032310 -9.897232 -0.077369 -0.068305 0.094611 -0.043910 -0.077782 -1.999192 -0.145788 0.047622 0.078711 0.018442 0.135499 -1.782168 -0.138165 0.085567 0.016243 0.053464 
Generation 341 Fitness:8.806545
-0.003145 0.032310 -9.897232 -0.077369 -0.068305 0.094611 -0.043910 -0.077782 -2.003724 -0.145883 0.047518 0.078711 0.018442 0.135371 -1.780500 -0.138364 0.085567 0.015219 0.053464 
Generation 342 Fitness:8.426964
-0.003145 0.032310 -9.897232 -0.077369 -0.068305 0.094611 -0.043910 -0.077782 -1.999192 -0.145724 0.047638 0.078711 0.018442 0.135371 -1.782232 -0.138165 0.085567 0.015219 0.053336 
Generation 343 Fitness:6.802181
-0.003145 0.032310 -9.930000 -0.077369 -0.068305 0.094611 -0.043910 -0.077782 -1.997262 -0.145788 0.047622 0.078711 0.018442 0.135627 -1.789851 -0.138364 0.085567 0.015219 0.053386 
Generation 344 Fitness:6.635467
-0.003145 0.032310 -9.897232 -0.077369 -0.068305 0.096659 -0.043910 -0.077782 -1.999192 -0.145819 0.047622 0.078711 0.018442 0.135371 -1.789851 -0.138364 0.085567 0.015219 0.053464 
Generation 345 Fitness:8.958180
-0.003145 0.032310 -9.930000 -0.077369 -0.068305 0.096659 -0.043910 -0.077782 -1.999192 -0.145819 0.047622 0.078711 0.018442 0.135371 -1.789851 -0.138165 0.085567 0.015219 0.053336 
Generation 346 Fitness:7.636115
-0.003145 0.032310 -9.913616 -0.077369 -0.068305 0.096659 -0.043910 -0.077782 -1.999192 -0.145788 0.047622 0.078711 0.018442 0.135371 -1.789851 -0.138364 0.085567 0.015219 0.053386 
Generation 347 Fitness:9.345720
-0.003145 0.032310 -9.897232 -0.077369 -0.068305 0.096659 -0.043910 -0.077782 -1.999192 -0.145788 0.047878 0.070827 0.018442 0.135371 -1.782168 -0.138364 0.085567 0.015219 0.053464 
Generation 348 Fitness:6.500073
-0.003145 0.024374 -11.994384 -0.077369 -0.068305 0.096659 -0.043910 -0.077782 -1.999192 -0.145788 0.047622 0.078711 0.018442 0.135499 -1.782232 -0.138133 0.085567 0.015219 0.053464 
Generation 349 Fitness:8.385848
-0.003145 0.032310 -9.930000 -0.077369 -0.068305 0.096659 -0.043910 -0.077782 -1.999704 -0.145788 0.047622 0.078711 0.018442 0.135243 -1.782168 -0.138364 0.085567 0.015219 0.053336 
Generation 350 Fitness:7.314847
-0.003145 0.032310 -9.897232 -0.077369 -0.068305 0.096659 -0.043974 -0.077782 -1.997262 -0.145883 0.047622 0.078711 0.018442 0.135371 -1.782168 -0.138364 0.085567 0.015219 0.053336 
Generation 351 Fitness:6.823231
-0.003145 0.032310 -9.930000 -0.077369 -0.068305 0.096659 -0.043910 -0.077782 -1.999192 -0.145819 0.047622 0.078711 0.018442 0.135371 -1.782168 -0.138364 0.085567 0.015219 0.053336 
Generation 352 Fitness:8.564420
-0.003145 0.032310 -9.930000 -0.077369 -0.068305 0.096659 -0.043910 -0.077782 -1.999192 -0.145883 0.047622 0.078711 0.018442 0.135243 -1.782168 -0.138165 0.085567 0.015219 0.053336 
Generation 353 Fitness:7.961187
-0.003145 0.032310 -9.930000 -0.077369 -0.068305 0.096659 -0.043910 -0.077782 -1.999192 -0.145788 0.047622 0.078711 0.018442 0.135243 -1.780532 -0.138364 0.085567 0.015219 0.053336 
Generation 354 Fitness:7.642092
-0.003145 0.032310 -10.454288 -0.077369 -0.068305 0.096659 -0.043910 -0.077782 -1.999192 -0.145788 0.047622 0.078711 0.018442 0.135371 -1.782168 -0.138133 0.085567 0.015219 0.053386 
Generation 355 Fitness:7.237259
-0.003145 0.032310 -9.930000 -0.077369 -0.068305 0.096659 -0.043974 -0.077782 -1.999192 -0.145819 0.047622 0.078711 0.018442 0.135243 -1.782168 -0.138300 0.085567 0.015219 0.053336 
Generation 356 Fitness:7.723544
-0.003401 0.032310 -9.930000 -0.077369 -0.068305 0.097683 -0.043910 -0.077782 -1.999192 -0.145819 0.047622 0.078711 0.018442 0.135371 -1.780532 -0.138133 0.085567 0.015219 0.053464 
Generation 357 Fitness:7.366928
-0.003145 0.032310 -9.930000 -0.077369 -0.068305 0.096659 -0.043910 -0.077782 -1.868120 -0.145532 0.047622 0.078711 0.018442 0.135371 -1.782168 -0.138165 0.085695 0.016243 0.053336 
Generation 358 Fitness:7.357614
-0.003657 0.032310 -9.930000 -0.077369 -0.068305 0.096659 -0.043910 -0.077782 -2.003724 -0.145788 0.047622 0.078711 0.018442 0.135371 -1.782168 -0.138364 0.085567 0.016243 0.053386 
Generation 359 Fitness:9.960870
-0.003177 0.032310 -9.930000 -0.077369 -0.068305 0.096659 -0.043942 -0.077782 -1.999192 -0.145788 0.047622 0.078711 0.018442 0.135371 -1.782168 -0.138300 0.085567 0.016243 0.053336 
Generation 360 Fitness:7.765210
-0.003145 0.028214 -9.930000 -0.077369 -0.068305 0.097683 -0.043910 -0.077782 -1.999704 -0.145788 0.047622 0.078711 0.018442 0.135243 -1.782232 -0.138364 0.085567 0.015219 0.053336 
Generation 361 Fitness:7.295127
-0.003145 0.028214 -9.930000 -0.077369 -0.068305 0.097683 -0.043942 -0.077782 -1.999192 -0.145788 0.047622 0.078711 0.018434 0.135243 -1.780532 -0.138165 0.085567 0.016243 0.053336 
Generation 362 Fitness:6.880825
-0.003401 0.028214 -9.930000 -0.077369 -0.068305 0.096659 -0.043974 -0.077782 -1.999192 -0.145788 0.047622 0.078711 0.018442 0.135371 -1.782168 -0.138364 0.085567 0.015219 0.053336 
Generation 363 Fitness:7.445678
-0.003145 0.032310 -9.930000 -0.077369 -0.068305 0.096659 -0.043910 -0.077782 -1.999192 -0.145788 0.047622 0.078711 0.016394 0.135371 -1.782168 -0.138364 0.085567 0.016243 0.053336 
Generation 364 Fitness:7.351362
-0.003401 0.032310 -9.930000 -0.077369 -0.068305 0.096659 -0.043910 -0.077782 -1.999192 -0.145788 0.047622 0.078711 0.018442 0.135371 -1.782168 -0.138364 0.085559 0.016243 0.053258 
Generation 365 Fitness:8.314193
-0.003401 0.032310 -9.930000 -0.077369 -0.068305 0.097171 -0.043942 -0.077782 -2.003724 -0.145788 0.047618 0.078711 0.018442 0.135243 -1.782168 -0.138364 0.085567 0.016243 0.053336 
Generation 366 Fitness:7.402655
-0.003401 0.032310 -9.930000 -0.077369 -0.068305 0.097683 -0.043974 -0.077814 -1.999192 -0.145724 0.047622 0.078709 0.018442 0.135243 -1.782168 -0.138133 0.085567 0.016243 0.053258 
Generation 367 Fitness:6.760028
-0.003401 0.032310 -9.930000 -0.077369 -0.068305 0.097683 -0.043974 -0.077782 -1.999192 -0.145819 0.047622 0.078711 0.018442 0.135243 -1.782168 -0.138133 0.085567 0.016243 0.053258 
Generation 368 Fitness:7.840899
-0.003145 0.032310 -9.930000 -0.077369 -0.068305 0.097683 -0.043910 -0.077782 -1.999192 -0.145532 0.047622 0.078711 0.016394 0.135243 -1.782168 -0.138364 0.085567 0.016243 0.053336 
Generation 369 Fitness:7.930819
-0.003145 0.032310 -9.930000 -0.077369 -0.068305 0.097683 -0.043910 -0.077782 -1.999192 -0.145532 0.047622 0.078711 0.016394 0.135243 -1.782232 -0.138364 0.085567 0.016243 0.053336 
Generation 370 Fitness:8.483499
-0.003145 0.032310 -9.930000 -0.077369 -0.068305 0.097683 -0.043974 -0.077782 -1.999192 -0.145788 0.047622 0.078711 0.016394 0.135243 -1.782232 -0.138165 0.085567 0.016243 0.053336 
Generation 371 Fitness:6.369003
-0.003145 0.032564 -9.930000 -0.077369 -0.068305 0.097683 -0.043974 -0.077782 -1.999192 -0.145788 0.047622 0.070315 0.018442 0.135243 -1.782168 -0.138364 0.085567 0.016243 0.053336 
Generation 372 Fitness:6.733719
-0.003401 0.031286 -9.930000 -0.077369 -0.068305 0.097683 -0.043974 -0.077782 -1.999192 -0.145819 0.047618 0.074411 0.018442 0.135243 -1.782168 -0.138165 0.085567 0.016243 0.053258 
Generation 373 Fitness:8.406042
-0.003401 0.031286 -9.930000 -0.077369 -0.068305 0.097683 -0.043974 -0.077814 -1.999192 -0.145788 0.047622 0.078711 0.018442 0.135243 -1.813268 -0.138364 0.085567 0.016243 0.053336 
Generation 374 Fitness:8.177180
-0.003401 0.032310 -9.930000 -0.077369 -0.068305 0.097683 -0.043974 -0.077814 -1.999192 -0.145788 0.047654 0.078711 0.018442 0.135243 -1.814292 -0.138165 0.085567 0.016243 0.053258 
Generation 375 Fitness:6.245847
-0.003401 0.032310 -10.454288 -0.077369 -0.068305 0.097683 -0.043974 -0.077814 -2.003724 -0.145788 0.047622 0.078711 0.018442 0.135243 -1.782168 -0.138165 0.085567 0.016243 0.053336 
Generation 376 Fitness:6.981357
-0.003401 0.031286 -10.454288 -0.077369 -0.068305 0.097683 -0.043974 -0.077814 -1.999192 -0.145788 0.047622 0.078711 0.018442 0.135243 -1.782168 -0.138364 0.085567 0.016243 0.053336 
Generation 377 Fitness:7.881290
-0.003401 0.032310 -12.027152 -0.077369 -0.068305 0.097683 -0.043974 -0.077782 -1.999192 -0.145788 0.047622 0.078507 0.018442 0.135243 -1.784280 -0.138364 0.085567 0.016243 0.053258 
Generation 378 Fitness:9.767417
-0.003401 0.032564 -9.942288 -0.077369 -0.068305 0.097683 -0.043974 -0.077782 -1.999192 -0.145788 0.047622 0.078711 0.018442 0.135243 -1.814292 -0.138364 0.085567 0.016243 0.053258 
Generation 379 Fitness:7.543905
-0.003401 0.032310 -12.027152 -0.077369 -0.068305 0.097683 -0.043974 -0.077814 -1.997262 -0.145788 0.047622 0.078507 0.018442 0.135243 -1.782232 -0.138364 0.085567 0.016243 0.053258 
Generation 380 Fitness:7.141793
-0.003401 0.032310 -12.027152 -0.076345 -0.068305 0.097683 -0.043942 -0.077782 -1.966424 -0.145724 0.047622 0.078711 0.018442 0.135243 -1.784216 -0.138364 0.085567 0.016243 0.053258 
Generation 381 Fitness:8.284781
-0.003401 0.032310 -14.124304 -0.077369 -0.068305 0.097683 -0.043974 -0.077782 -1.999192 -0.145883 0.047622 0.078711 0.018442 0.135243 -1.782232 -0.138364 0.085823 0.015219 0.053258 
Generation 382 Fitness:7.807463
-0.003401 0.032310 -12.035344 -0.077369 -0.068305 0.097683 -0.043942 -0.077814 -1.999192 -0.145788 0.047622 0.078507 0.018442 0.135243 -1.782168 -0.138364 0.085567 0.016243 0.053258 
Generation 383 Fitness:7.390053
-0.003401 0.032564 -9.934096 -0.077369 -0.068305 0.097683 -0.044998 -0.077782 -1.999192 -0.145788 0.047622 0.078711 0.018442 0.135243 -1.782168 -0.138364 0.085567 0.016243 0.053258 
Generation 384 Fitness:8.727924
-0.003401 0.032310 -12.027152 -0.077369 -0.068305 0.097683 -0.043974 -0.077814 -1.999192 -0.145788 0.047622 0.078711 0.018442 0.135243 -1.782168 -0.138364 0.085559 0.016243 0.053258 
Generation 385 Fitness:7.614566
-0.003401 0.032564 -9.930000 -0.077369 -0.068305 0.097683 -0.044998 -0.077814 -1.999192 -0.145788 0.047654 0.078199 0.018442 0.135241 -1.782232 -0.138364 0.085567 0.016243 0.053258 
Generation 386 Fitness:7.504753
-0.003401 0.032310 -10.454288 -0.077369 -0.068305 0.097683 -0.043974 -0.077814 -1.999192 -0.145819 0.047518 0.078199 0.018442 0.135243 -1.813268 -0.138364 0.085055 0.015219 0.053258 
Generation 387 Fitness:7.889306
-0.003913 0.032564 -9.938192 -0.077369 -0.068305 0.098195 -0.043974 -0.077814 -1.999192 -0.145788 0.047622 0.078711 0.018442 0.135243 -1.784216 -0.138364 0.085567 0.016243 0.053258 
Generation 388 Fitness:6.740401
-0.003401 0.032310 -9.930000 -0.077369 -0.068305 0.098195 -0.044998 -0.077814 -1.999192 -0.145819 0.047622 0.078711 0.018442 0.135243 -1.782168 -0.138364 0.085567 0.016371 0.053258 
Generation 389 Fitness:7.217728
-0.003401 0.032310 -9.930000 -0.077369 -0.068305 0.097683 -0.043942 -0.077814 -1.997262 -0.145788 0.047622 0.070519 0.018442 0.135243 -1.782168 -0.138364 0.084543 0.016243 0.053258 
Generation 390 Fitness:8.122994
-0.003913 0.032564 -9.938192 -0.077369 -0.068305 0.098195 -0.043974 -0.077814 -1.999192 -0.145788 0.047622 0.078455 0.018442 0.135243 -1.782232 -0.138364 0.085567 0.016243 0.053258 
Generation 391 Fitness:7.335117
-0.003401 0.032564 -9.930000 -0.077369 -0.068305 0.097683 -0.044998 -0.077782 -1.999192 -0.145788 0.047622 0.078647 0.018442 0.135243 -1.782168 -0.138364 0.085567 0.016243 0.053258 
Generation 392 Fitness:7.335286
-0.003401 0.032310 -10.454288 -0.077369 -0.068305 0.098195 -0.043974 -0.077814 -1.999192 -0.145883 0.047622 0.078711 0.018442 0.135243 -1.798552 -0.138364 0.085695 0.016243 0.053258 
Generation 393 Fitness:7.260020
-0.003913 0.032564 -9.938192 -0.077369 -0.068305 0.098195 -0.043974 -0.077814 -1.999192 -0.145788 0.047618 0.078711 0.018442 0.135243 -1.783256 -0.138364 0.085567 0.016243 0.053258 
Generation 394 Fitness:7.970852
-0.003913 0.032310 -9.938192 -0.077369 -0.068305 0.098195 -0.043974 -0.077782 -1.999192 -0.145788 0.047622 0.078711 0.018442 0.135243 -1.813268 -0.138364 0.089663 0.016243 0.053258 
Generation 395 Fitness:6.993507
-0.003913 0.032310 -9.938192 -0.075577 -0.068305 0.097683 -0.043974 -0.077782 -1.997294 -0.145819 0.047622 0.078711 0.018442 0.135243 -1.798552 -0.138364 0.085567 0.016243 0.053258 
Generation 396 Fitness:7.553766
-0.003529 0.032310 -10.454288 -0.077369 -0.068305 0.098195 -0.043974 -0.077814 -1.999192 -0.145819 0.047622 0.078711 0.018442 0.135241 -1.798552 -0.138364 0.085567 0.016243 0.053258 
Generation 397 Fitness:5.679256
-0.003913 0.032310 -9.930000 -0.077369 -0.068305 0.098195 -0.043974 -0.077814 -1.999192 -0.145788 0.047622 0.070519 0.018442 0.1/Users/jiangwen/Desktop/Math_Modle/Y1_Best.txt35243 -1.798552 -0.138364 0.085567 0.016243 0.053258 
Generation 398 Fitness:7.433726
-0.003913 0.032564 -9.946384 -0.077369 -0.068305 0.098195 -0.043974 -0.077814 -1.999192 -0.145819 0.047622 0.078711 0.018442 0.135243 -1.798552 -0.138364 0.085567 0.032627 0.053258 
Generation 399 Fitness:8.993581
-0.003913 0.032564 -9.942288 -0.077369 -0.067793 0.098195 -0.043974 -0.077782 -1.999192 -0.145788 0.047518 0.078199 0.018442 0.135179 -1.798552 -0.138364 0.085551 0.016243 0.053258 
