Generation 0 Fitness:39.697695
1.155652 -0.950275 0.735625 -0.355163 -1.223191 1.832241 -1.520276 0.719820 -1.992873 1.777385 0.506440 -0.265739 1.725401 -1.188852 -1.042148 0.613538 -0.274502 -1.561484 0.136291 
Generation 1 Fitness:59.270199
0.563897 1.990266 0.106692 -1.210794 0.447143 -0.280534 -0.079862 -1.841362 0.412508 -0.637465 0.067254 0.938768 -0.392782 -1.448231 0.259884 1.683641 0.959194 -0.895426 1.381740 
Generation 2 Fitness:47.809514
-0.345464 0.157334 -1.449319 -0.292553 1.512982 -1.581528 0.035202 0.577513 0.101766 -1.700349 0.704130 -0.688921 -1.254915 0.084868 1.379507 -1.039074 -0.052217 -0.938293 0.990094 
Generation 3 Fitness:28.775143
-0.289105 -0.254892 -1.847782 -0.123946 0.675663 -1.080737 0.280201 0.921486 -1.737981 0.149727 0.313966 -0.615818 -1.333553 -0.429191 1.685437 -0.170003 1.466984 -1.711894 1.190128 
Generation 4 Fitness:49.518181
-0.761350 0.028909 -1.110403 1.218993 -1.467054 1.819971 1.558405 1.335413 -1.775044 0.842196 -0.585385 0.601031 -1.126012 -1.727085 -0.201176 -0.481630 1.616714 1.317079 0.892364 
Generation 5 Fitness:37.031019
-1.367811 -1.356066 -1.531406 1.131521 -1.158214 0.679841 1.934551 0.276709 0.090843 0.155869 -1.461901 0.811843 -0.933243 -0.281927 0.738505 -0.181807 1.386319 0.442864 1.852388 
Generation 6 Fitness:39.718977
0.212804 0.428757 -1.298524 -0.798230 1.056381 -1.443248 -0.820306 0.288260 -1.960972 -0.486009 0.149076 0.450775 -0.512591 -0.237752 -1.664689 -0.815573 -0.784091 1.224749 0.991486 
Generation 7 Fitness:31.853401
0.542245 0.454073 -1.072215 0.264246 0.316760 0.877913 0.895289 0.387319 -1.720366 1.049978 -1.460244 0.275176 -1.531730 -1.156463 -0.326555 -0.756001 0.055629 -0.919738 0.598149 
Generation 8 Fitness:58.849734
1.609708 -0.470361 -1.679109 -0.050798 -1.321916 0.944971 0.212788 0.026445 1.068139 -0.621836 -0.163684 -0.049286 -1.189141 -0.758653 -0.997166 1.557973 1.620503 -1.211413 -0.057971 
Generation 9 Fitness:41.028759
-0.133718 -1.334227 -1.120066 -1.938481 1.929818 -1.675938 1.309728 0.921252 -1.026513 0.202823 -0.276222 -0.234450 -1.464609 -0.110786 1.841710 0.258021 -0.362748 -0.518444 1.074436 
Generation 10 Fitness:39.034144
0.559054 0.105747 -1.827022 -1.234732 1.751612 -0.988801 0.379891 -1.907160 -0.922096 -1.949611 -0.912343 1.178547 -0.370725 0.848412 -0.195353 0.722254 1.702978 -1.372286 0.119534 
Generation 11 Fitness:38.414943
1.552421 -0.453414 1.771009 1.970078 -1.337540 1.561572 -0.129013 -1.702616 -0.881826 0.879837 -1.495875 0.283297 0.464650 -0.422694 -1.238105 0.782555 -0.459434 0.895708 0.598149 
Generation 12 Fitness:31.800678
0.817937 1.254167 -0.580954 -1.992974 1.684082 0.055613 -1.112213 0.592808 -0.792002 -1.061884 0.926592 -0.906216 -1.588946 -0.298891 -1.221526 -0.389282 0.470619 -1.656110 0.191122 
Generation 13 Fitness:46.846857
-0.121717 -0.092113 0.551960 1.989535 -0.429948 -1.749188 -0.149134 -0.490372 -1.227988 1.048515 -1.103864 1.136335 1.215903 -0.398757 1.880309 -1.920918 1.564126 0.923855 0.070335 
Generation 14 Fitness:34.661859
-0.821545 -0.534575 -1.378651 1.119852 -1.141749 0.171872 0.129501 0.371029 -0.400207 0.661446 0.088465 -0.684419 -0.242708 1.914062 -1.346392 1.274194 -0.210163 1.732599 -1.039010 
Generation 15 Fitness:43.834359
0.850484 -0.312919 0.867366 -0.478152 1.026924 -1.735173 -1.140336 0.316062 -0.998742 -0.007960 0.755519 -1.330212 -0.632056 1.288953 -1.187712 0.349782 0.131495 -0.163012 -0.554467 
Generation 16 Fitness:37.350415
-0.868945 -0.334855 -1.259614 -1.060343 0.814488 -0.524282 -0.421343 0.278225 -0.590357 0.376339 1.686676 -1.678165 1.325067 0.896233 -0.972130 0.893019 -1.942154 -0.823859 -0.754634 
Generation 17 Fitness:50.078312
0.515746 0.288570 -1.882064 -0.230568 -0.706319 1.797873 -0.155850 0.409794 0.349718 1.200085 -0.625112 -0.239667 -0.114074 -0.195506 1.215595 1.245288 -0.827022 0.459659 -0.897283 
Generation 18 Fitness:45.406779
-1.010661 -0.224542 -1.398991 1.846715 -0.717809 -1.209324 0.114164 -0.472151 -0.922096 0.691437 0.602888 -0.538235 1.631549 -0.514494 0.994712 0.220653 -1.438412 1.366859 0.733353 
Generation 19 Fitness:9.912746
-0.722155 -0.021996 -0.188845 0.332017 -1.321916 0.849936 -0.826261 0.951938 -0.938461 0.484054 0.545239 -0.467634 -0.123627 0.050830 0.099205 0.937060 -0.085694 -0.405221 0.657579 
Generation 20 Fitness:25.757481
-0.225103 1.323420 -0.872286 0.331448 0.987353 -0.033671 0.685839 -0.435955 -1.381302 -1.924426 1.155607 -0.783916 -0.753077 -0.270349 0.271238 -0.558672 -0.160309 -0.832801 -0.170796 
Generation 21 Fitness:27.437035
0.693215 -0.622442 -1.005444 -0.297192 0.196098 -0.199119 0.192495 0.663168 0.676569 -0.764978 0.196161 -0.172624 0.048936 -0.958760 0.094830 0.641297 0.181490 -0.459160 -0.201964 
Generation 22 Fitness:36.819755
-0.944377 -0.138111 -0.921281 0.675264 -0.068588 -1.780526 -0.673402 -0.053712 -0.395714 -0.144583 -0.340149 0.754704 0.117330 0.225834 -1.006885 -1.267004 1.574299 1.992679 1.508846 
Generation 23 Fitness:27.087558
0.593089 0.442535 -1.227382 0.304258 0.154916 0.332675 0.175762 -0.230804 0.518401 0.432071 -0.679280 0.710616 0.047904 -0.674844 -1.617885 -1.035190 -0.715381 -1.228076 -0.118499 
Generation 24 Fitness:35.953385
0.640358 0.140490 0.670978 -1.391159 0.154916 1.702204 -0.065152 -0.562132 -1.501565 0.085070 -1.116581 1.066144 0.298425 -0.040371 -1.703354 0.170895 -0.933999 0.918577 -0.185239 
Generation 25 Fitness:22.662955
-0.444406 0.125440 -0.480741 1.494554 -1.512301 0.566956 -0.009947 0.091152 0.145500 0.308502 -0.280415 0.179635 0.433767 -0.000776 -1.033055 0.710088 0.148637 -1.119594 -0.283117 
Generation 26 Fitness:40.082702
-0.409031 0.250888 -0.034197 1.614773 -0.706319 -0.823889 0.567953 -0.318019 -1.431771 0.912935 -1.832143 0.695653 -0.272949 0.910975 -1.747105 0.455050 0.667981 -1.272253 -0.721652 
Generation 27 Fitness:29.780166
-0.812985 0.873058 0.237711 -0.300507 0.493982 -1.075385 -0.187419 -0.783701 0.634084 1.537823 -0.247941 -0.324164 0.376302 0.262786 -0.459322 -0.318185 1.477678 -0.991162 -0.012386 
Generation 28 Fitness:32.110092
0.378990 0.152397 -1.021607 1.668262 -1.181005 0.473967 0.621395 -0.245161 0.546193 -0.763006 0.660633 -0.157430 -0.681052 0.372206 -1.536490 0.937060 0.329442 -0.118790 -0.897283 
Generation 29 Fitness:36.009094
0.500416 -0.590855 -1.987045 -1.312493 0.022427 0.499673 -0.137888 0.771969 -1.037436 -0.735499 1.452522 -0.462159 -0.197296 -0.000776 -0.325605 0.544640 -0.625667 0.699681 -0.412084 
Generation 30 Fitness:39.680267
-0.750062 0.564963 0.981424 -1.302241 0.653894 -0.133017 0.455178 0.020011 1.051191 -0.689350 -0.057147 1.218775 0.117330 0.111404 -1.512796 -1.800158 -0.131919 1.586963 -0.077582 
Generation 31 Fitness:23.725201
0.192608 0.454073 -0.150294 1.728036 -1.118854 -0.954555 -0.536195 -0.243464 -1.629322 1.238766 -1.456875 0.400925 -0.129483 -0.297571 1.487811 1.639459 -1.272093 1.525279 0.491275 
Generation 32 Fitness:23.714777
-0.215392 0.086565 -1.858950 -0.252304 0.039564 1.120254 0.347135 0.402482 -1.088407 0.631638 -0.381401 -0.079189 -0.567712 -0.200716 -1.378504 -0.400897 0.401090 -1.299658 0.186570 
Generation 33 Fitness:35.419028
0.207280 -0.505522 -1.299947 -0.448632 0.045393 -0.298719 -0.119616 0.243428 0.121178 0.700152 -0.752533 0.591005 -0.065175 0.133214 -1.246106 -1.477576 0.058754 1.355782 0.348628 
Generation 34 Fitness:29.973134
-0.036536 0.190014 -1.003301 0.258357 -0.156760 0.323177 0.257523 -0.374652 0.736193 0.914797 -0.276222 -0.167023 -0.123627 0.573974 -1.262027 -1.131404 0.058754 -1.201044 -0.159345 
Generation 35 Fitness:31.191353
-0.216627 -0.178927 -1.616650 -0.333672 0.228386 0.466250 0.132040 -0.049306 0.005304 0.771550 -0.636340 0.162523 0.152828 0.297149 -0.630918 0.349782 0.044439 -1.832701 -0.157668 
Generation 36 Fitness:29.318530
0.625622 -0.254892 1.084558 0.590547 0.603843 -0.969574 0.133869 -0.049582 0.179106 -1.000827 0.947570 -0.335202 -0.120207 -0.087104 -1.707246 0.537097 -0.105609 1.458292 -0.631426 
Generation 37 Fitness:28.411747
0.154757 -0.489328 -1.634355 0.105809 -0.077501 -0.901354 -0.147193 0.157877 -1.881171 -0.026544 0.337142 -0.438972 -0.255332 0.475765 -0.149242 0.848058 -1.441970 -1.754427 0.220842 
Generation 38 Fitness:21.199474
0.016881 0.181803 -1.179425 0.612255 -0.339866 0.156416 -0.169238 0.026445 -0.166545 -0.184756 0.110062 -0.377380 -0.612542 0.191903 -1.797854 1.554512 -0.695858 -0.049679 0.187065 
Generation 39 Fitness:20.118687
-0.482285 -0.046901 -1.268998 0.306317 0.142455 -0.614369 -0.009947 0.601466 -0.043382 0.085070 0.034783 0.203470 0.161551 -0.301141 -1.812265 -0.128855 -0.477101 0.129602 0.010645 
Generation 40 Fitness:25.137302
0.054992 0.052120 -1.531406 0.386123 -0.155616 -0.614369 -0.182303 -0.225516 -1.818005 1.028786 -1.422157 0.237069 -0.236784 0.507556 -1.022821 -0.462796 0.225811 -0.391047 0.186570 
Generation 41 Fitness:24.345047
-0.198648 -0.334855 -1.684889 -0.206935 -0.384049 0.200685 -0.031285 0.068059 -1.432588 -0.139938 0.408364 0.246881 0.360586 -0.028924 -1.465604 0.941318 -0.232602 -0.123895 0.082931 
Generation 42 Fitness:27.945983
0.064789 -0.138111 -0.714860 -0.721028 1.032746 -1.234075 -0.203224 0.166397 -0.189382 -0.215621 0.498883 -0.616391 0.155950 0.012764 -1.686489 1.089143 -0.369673 -1.794500 -0.204543 
Generation 43 Fitness:29.097848
0.001297 0.197736 -0.257526 -0.206935 -0.068588 0.008846 -0.094430 -0.187020 -1.046467 -0.623654 0.338887 0.426801 0.376302 0.255124 -0.588359 1.388547 -1.937700 0.763533 -0.405244 
Generation 44 Fitness:29.258340
0.357640 -0.091074 -1.766801 -0.769252 -0.065172 0.703172 -0.562920 -0.132393 -1.230122 -0.184756 0.440114 -0.718112 -0.049569 0.225834 -1.108621 -1.049632 0.261730 1.792515 0.379897 
Generation 45 Fitness:30.465562
0.393348 0.051668 -1.072215 0.526283 -0.408027 0.638381 0.540497 -0.132393 -1.497159 0.592081 -0.817978 -0.209060 -0.430052 -0.136499 -1.617885 0.267913 -1.644503 -0.268757 -0.025656 
Generation 46 Fitness:25.887595
0.393348 0.227720 -0.901242 -0.570244 -0.339866 1.447167 -0.094430 0.374606 -0.478501 0.485872 -0.589161 0.314289 0.012738 -0.195506 -1.029953 -0.267631 -0.239670 0.369612 -0.568100 
Generation 47 Fitness:26.888781
-0.134342 -0.025306 -1.382947 0.227150 0.176017 -0.712832 -0.349709 0.232157 -1.818005 0.837968 0.122445 -0.666191 0.128732 -0.162311 -0.004120 1.259780 -0.737606 -0.193341 0.082931 
Generation 48 Fitness:24.354373
-0.474232 0.274932 -1.208093 -0.090158 0.734480 -0.613650 -0.055305 0.024286 -1.726673 -0.029439 0.064768 0.129132 0.282999 0.377433 -0.522442 -1.832257 -0.133428 0.924354 -0.110863 
Generation 49 Fitness:25.238493
-0.194483 0.113957 -1.467035 -0.370057 0.330193 0.354045 0.219825 0.224291 -1.971396 -0.355721 0.740248 -0.718112 -0.013145 -0.288596 -1.209670 0.414171 0.225811 -0.798867 -0.159345 
Generation 50 Fitness:26.114461
0.261198 0.239807 -1.837816 0.026962 0.460878 -0.330908 -0.092313 -0.095892 0.005304 0.485872 0.129090 -0.748354 -0.255268 -0.072080 -0.970991 -1.086095 0.150077 0.423620 -0.012729 
Generation 51 Fitness:23.509772
-0.283254 0.234217 -1.707529 -0.481645 0.793422 -0.278919 0.093320 -0.220831 -0.937628 -1.000827 0.051719 0.547143 -0.512591 0.431350 -1.689050 -0.499887 0.684601 1.431156 0.360718 
Generation 52 Fitness:23.878736
0.215976 0.023438 -0.586319 0.178658 -0.155616 0.345918 -0.008050 0.046979 -1.069967 0.479001 -0.226697 -0.438972 -0.297242 -0.040371 -1.836117 -0.765639 0.055629 -0.041107 0.100061 
Generation 53 Fitness:25.018310
-0.234827 -0.046901 -0.508956 -0.532977 0.009952 0.263109 -0.125486 0.024286 -1.720366 0.085978 -0.007901 0.132868 0.026342 0.179129 0.171546 1.014820 -0.977712 1.636860 0.177190 
Generation 54 Fitness:21.303498
-0.164532 0.047592 0.396874 1.172598 -0.999321 0.416622 0.211317 -0.233210 -1.016884 -1.161509 0.421362 0.293007 -0.209833 0.191985 -1.814328 0.837427 0.147998 -0.991162 0.095964 
Generation 55 Fitness:26.374196
0.187784 0.024848 -1.784188 0.178658 0.039564 -0.553498 0.054143 0.157229 -1.174040 0.245607 0.318171 -0.273787 0.180823 -0.298926 -1.704362 -1.485270 0.544170 -1.101799 -0.276140 
Generation 56 Fitness:23.775793
-0.055678 0.317418 -1.064618 0.043628 0.456326 -0.584415 -0.055305 -0.132393 -0.231771 0.085978 -0.738396 0.859215 -0.048139 0.296309 -1.551161 -0.781728 0.109619 0.926239 -0.095025 
Generation 57 Fitness:22.063429
-0.174683 0.414684 -1.003301 0.304258 0.720245 -0.903064 0.064643 0.157877 -1.806324 -0.029439 -0.062521 0.129132 -0.177601 -0.355451 -0.994726 -0.318185 -1.276628 0.292536 0.309835 
Generation 58 Fitness:11.604099
-0.198648 0.190014 0.643837 -0.514697 0.278039 -0.055892 0.129501 0.103148 -0.937628 -0.668781 0.944890 -0.499122 0.048936 -0.185495 -0.981888 -0.287550 0.165393 -0.123895 -0.095025 
Generation 59 Fitness:14.099130
0.004429 0.254912 -1.259614 0.540165 -0.543613 0.332675 -0.157514 0.198252 -1.195854 0.301453 0.067937 -0.209060 0.035322 -0.148965 -1.029953 -0.159548 -0.884275 1.848447 -0.095025 
Generation 60 Fitness:18.268062
-0.073610 0.079746 -0.687176 0.105809 0.009952 -0.196143 0.185861 0.068059 -1.940145 -0.607483 0.660841 -0.273787 -0.097160 -0.018789 -1.497396 1.508594 -1.751185 1.443860 -0.104376 
Generation 61 Fitness:11.325821
-0.006402 -0.164446 -0.508956 -0.065491 -0.391542 0.562128 -0.182303 0.081571 -1.993459 0.114992 0.186423 -0.147451 0.152828 0.266622 -1.665439 0.874020 -1.253317 0.651613 0.006012 
Generation 62 Fitness:20.080067
-0.182643 0.221793 -1.658465 0.546875 -0.628282 1.014861 0.036883 0.337984 -1.936503 0.280528 0.261232 -0.211242 -0.193960 -0.255596 0.057543 -0.867836 0.012903 1.549963 0.186570 
Generation 63 Fitness:15.683645
0.016870 0.028909 -1.784188 -0.230568 0.115273 -0.330908 -0.258695 0.039253 -1.646234 0.044728 -0.153085 0.132868 0.056390 0.022847 -0.170361 -0.318185 0.203666 -0.041107 0.192580 
Generation 64 Fitness:10.886945
0.112665 0.156159 -0.489518 -0.034790 0.067652 -0.119431 -0.227632 0.045997 -0.938461 -0.049240 0.278386 -0.377380 0.035322 -0.237836 -1.686489 -1.447184 0.899175 0.396506 0.095966 
Generation 65 Fitness:14.312114
0.119941 0.086565 -1.299947 -0.045836 -0.081033 0.310676 0.036883 0.157229 -1.720366 -0.251499 0.347958 0.004041 0.225663 -0.234850 -1.484450 0.874020 -1.465940 0.056668 -0.264911 
Generation 66 Fitness:11.121234
-0.108757 -0.060169 -1.765336 0.069304 -0.384049 0.354045 -0.169238 -0.225516 -1.852995 -0.352784 0.595237 -0.377380 0.433767 0.146525 -1.797751 0.979945 -0.532446 -0.999662 -0.044345 
Generation 67 Fitness:13.500912
-0.243239 -0.018799 -1.745136 -0.090158 0.039564 -0.022038 -0.034645 0.211233 -1.381302 -0.249315 0.338887 -0.090518 -0.120207 -0.057291 -1.686489 1.008555 -0.693933 1.713286 0.158601 
Generation 68 Fitness:18.463337
0.047944 -0.021633 -0.834641 -0.165862 0.045393 0.260376 0.036883 0.006485 -1.678741 0.815748 -0.400426 -0.296732 0.012738 -0.144458 -1.484450 0.848058 -0.173258 -0.401035 -0.142830 
Generation 69 Fitness:14.925281
-0.108757 0.104708 -1.300917 -0.227543 0.268787 -0.163860 -0.185990 0.003423 -1.016884 -0.368394 -0.035468 0.591005 0.057112 -0.094459 -1.836448 0.438187 -0.232602 -0.271960 0.254134 
Generation 70 Fitness:10.232008
-0.054097 0.131896 -1.006273 -0.174245 0.293755 -0.174620 -0.185990 0.054887 -1.923743 0.044730 0.024791 0.129132 0.048936 0.082663 -1.598270 0.632429 -0.498690 0.378708 -0.137673 
Generation 71 Fitness:9.730951
-0.234704 0.259513 -1.885032 0.173894 0.253517 -0.305434 -0.034663 0.055176 0.918317 0.085070 0.031772 -0.090518 0.056390 -0.215257 -1.209670 0.183377 0.181490 -1.752999 0.070327 
Generation 72 Fitness:10.544366
0.015625 -0.164270 -0.411517 0.331448 -0.176146 -0.163860 0.044257 0.043962 -1.960447 -0.215725 0.132915 0.168357 0.025958 -0.084438 -1.704362 0.183377 -0.321345 -0.999662 0.192580 
Generation 73 Fitness:14.456322
-0.164532 0.128244 -1.467035 -0.076502 0.039564 0.293761 0.063797 0.022698 -0.648166 -0.219598 -0.153085 0.129132 -0.211052 -0.052364 -1.551161 0.183377 0.366855 -1.904407 0.298176 
Generation 74 Fitness:12.340940
0.036937 0.234217 -1.885032 -0.090158 0.616918 -0.567120 -0.030167 -0.032897 0.794887 -0.327390 0.186423 0.275902 -0.043700 -0.185395 -0.715005 -0.410114 0.055629 1.134947 0.007446 
Generation 75 Fitness:13.236788
-0.164532 0.094683 -1.753662 0.120956 0.045393 0.024451 0.082061 0.003423 -0.406853 -0.072960 -0.043077 0.081053 0.066093 -0.004757 0.323792 0.641297 -0.577590 -0.907546 0.014552 
Generation 76 Fitness:9.840139
-0.108757 0.205920 -0.545334 0.341630 -0.351827 0.310676 0.003909 -0.072047 0.363203 -0.525720 0.339433 0.168357 0.035322 -0.198452 -1.094623 -0.134675 -0.168274 -0.049679 0.230628 
Generation 77 Fitness:11.900778
-0.054462 -0.149412 -1.055042 0.341630 -0.674455 0.518868 -0.034663 -0.029570 -1.923743 -0.236704 0.240292 -0.140651 0.162464 0.012764 -1.094623 0.095721 0.552884 -1.682931 0.082931 
Generation 78 Fitness:11.213033
0.011633 0.197736 -1.005089 0.145896 0.223144 -0.302100 -0.031285 0.036795 -1.223794 0.141988 -0.137518 0.010478 -0.167243 -0.102315 -2.276888 0.120301 -0.854203 0.626751 0.125180 
Generation 79 Fitness:12.386541
-0.108757 -0.025306 -1.281400 0.047069 -0.488148 0.698893 0.036883 -0.007490 -8.945394 0.201914 -0.276222 0.179635 0.086859 0.010098 -0.580073 1.122368 -0.230273 -0.531886 -0.055700 
Generation 80 Fitness:11.456267
-0.194483 -0.137695 -0.778245 0.285759 0.163290 -0.422407 0.346464 0.077783 -1.295737 -0.062291 0.067937 0.046133 -0.099426 -0.032457 -0.170361 -0.134675 0.008807 0.768530 0.010645 
Generation 81 Fitness:12.914154
-0.216285 -0.021996 -1.281400 0.178658 -0.227818 0.157092 -0.006625 0.103148 -0.406853 -0.077561 -0.153085 0.293007 0.038300 0.018561 -0.170361 0.914294 -0.230273 -1.241662 0.088504 
Generation 82 Fitness:12.416769
0.096781 0.024848 -0.810772 -0.042745 -0.129663 0.325648 0.064643 0.045997 -1.676297 0.098060 -0.282238 0.293007 -0.193960 -0.157020 -0.050026 0.874020 -0.082788 -0.255940 0.032069 
Generation 83 Fitness:10.784687
0.083202 0.034148 -1.217822 0.066460 -0.136084 0.244537 0.073359 -0.101656 -1.999091 0.298339 -0.282238 -0.156280 0.026342 -0.148965 -1.338363 0.473666 -0.017135 -1.533765 -0.026585 
Generation 84 Fitness:10.040359
0.054966 -0.075877 -1.885032 0.093893 -0.174862 0.247025 0.064324 0.091157 -1.726673 -0.215725 0.371003 -0.209060 -0.061854 -0.183436 -1.814328 0.588923 -0.168274 -1.682931 0.032069 
Generation 85 Fitness:9.881310
0.023339 0.047592 -1.638166 0.043628 -0.117029 0.157092 0.007412 0.054887 -1.521150 0.227039 0.012182 -0.156280 -0.048139 -0.234850 -0.558122 -0.400897 -0.289073 1.713286 0.219179 
Generation 86 Fitness:10.691983
0.016860 0.168266 -1.424517 0.636636 -0.174862 -0.163860 0.045944 -0.086247 -1.916868 -0.184756 0.061427 0.010478 -0.088490 -0.148965 -1.758695 0.170887 -0.298392 -1.858968 0.125180 
Generation 87 Fitness:7.362229
0.001915 0.124852 -1.629408 0.178658 0.009952 -0.071426 -0.040464 -0.100230 -1.854951 0.141988 -0.151372 0.019566 0.056390 -0.144458 -1.063365 0.349782 0.055629 -0.871143 0.006012 
Generation 88 Fitness:10.789177
0.054973 -0.009616 -0.188588 0.076316 -0.155616 0.248897 0.082061 -0.072047 -0.974491 -0.175463 -0.056252 0.296248 0.017791 -0.083167 -0.091670 -0.128855 -0.082788 -0.041107 0.095964 
Generation 89 Fitness:7.991793
0.070965 0.086565 -1.936949 -0.034790 0.200084 0.075937 0.106127 -0.095892 -1.999091 0.113382 -0.071616 -0.090518 0.048936 -0.114148 -1.501147 -0.323757 -0.365425 1.654098 -0.104376 
Generation 90 Fitness:8.476166
-0.108757 -0.046901 -1.179425 0.178658 -0.021946 -0.071426 0.064324 0.035628 -1.726673 0.098060 0.031772 -0.167023 -0.099426 0.060549 -0.431917 0.095721 -0.239670 -0.060449 0.095966 
Generation 91 Fitness:8.480729
0.016854 0.140490 -0.188588 0.030510 0.178191 -0.422407 -0.034663 0.055176 0.182059 -0.179922 0.133983 -0.167023 -0.177601 -0.097405 -0.608452 -0.400897 0.240572 0.661778 0.058153 
Generation 92 Fitness:10.068859
0.070965 0.105991 -0.886805 0.043628 0.001746 0.063782 -0.067928 0.026445 0.218893 -0.376017 0.337142 -0.147451 0.025958 -0.087766 -1.943374 -0.159548 -0.082788 -0.871143 -0.014706 
Generation 93 Fitness:5.757238
-0.026506 0.042354 -0.687176 -0.300507 0.054787 0.263109 -0.092313 0.081571 -1.096194 -0.175463 0.177343 -0.090518 -0.056788 0.020449 -1.086791 0.120301 -0.168274 0.396506 0.070985 
Generation 94 Fitness:8.027593
0.016857 -0.025306 -1.416021 -0.063293 -0.129663 0.157092 -0.034663 -0.032897 -1.566626 0.262195 -0.333195 0.052789 -0.036099 0.020449 -1.484146 0.028927 0.107495 0.847009 0.075500 
Generation 95 Fitness:7.761740
-0.036536 0.142932 -1.021607 0.072317 0.023517 -0.163860 -0.125486 0.045997 -1.437221 0.098767 -0.014966 -0.013345 -0.048139 -0.023162 -1.511378 0.355285 -0.173258 0.234663 -0.014706 
Generation 96 Fitness:11.152745
-0.034574 0.100642 -0.659585 -0.004519 -0.173170 0.473471 -0.006625 -0.032897 -2.029733 -0.262053 0.122445 0.010478 -0.048139 -0.097405 -1.686489 0.258021 -0.295987 1.306040 0.090615 
Generation 97 Fitness:9.619788
0.011617 0.052120 -1.281400 0.066460 0.045329 -0.209592 0.003909 0.045997 -1.284347 0.298339 -0.369328 0.132868 -0.123627 0.018561 -1.599476 0.414171 0.055629 -0.425708 -0.078428 
Generation 98 Fitness:8.418721
-0.010914 0.073525 -1.997730 -0.296876 -0.021946 0.473967 -0.157514 0.026445 -1.971396 -0.049240 -0.035468 0.129132 -0.061854 -0.013690 -0.580073 0.473666 -0.189390 -0.425708 0.177190 
Generation 99 Fitness:9.186867
0.038964 0.025360 -1.753662 0.058638 0.115273 -0.174620 0.064324 0.068059 0.082526 -0.015505 0.067937 -0.066939 -0.088750 -0.130511 -0.385110 -0.044205 -0.081216 -0.312006 0.010645 
Generation 100 Fitness:9.219381
-0.042262 0.113957 -4.707246 0.048426 0.039564 0.063782 0.025289 0.068059 -7.803730 -0.049240 0.069822 0.010478 -0.048020 -0.114148 -0.437310 -0.159548 0.261857 -0.256795 0.075500 
Generation 101 Fitness:5.381376
0.015327 0.102142 -0.886805 -0.057640 0.049318 0.024451 -0.034663 0.026445 -7.803730 -0.223166 0.205770 0.010478 -0.031638 -0.092373 -1.850315 -0.464434 0.055629 0.596373 0.070985 
Generation 102 Fitness:5.381946
0.036937 0.051668 -1.913192 -0.045836 0.111939 0.024451 0.044257 0.055176 -3.382523 -0.049240 0.061427 -0.090518 -0.105372 -0.144458 -0.437310 0.352413 -0.299356 0.157076 0.073188 
Generation 103 Fitness:8.500154
0.016853 0.105747 -1.281400 0.148609 0.039564 -0.154772 -0.149844 0.003423 -0.417470 0.159983 0.070695 -0.156280 0.098479 -0.098734 -1.326922 0.183377 -0.133428 -0.648677 -0.032054 
Generation 104 Fitness:7.549756
0.095902 0.102142 -1.732180 -0.074284 0.126831 0.084081 -0.065152 0.054887 -1.999091 -0.049240 0.016223 -0.013345 -0.065175 -0.156230 -1.516298 0.086890 -0.532446 0.428057 0.100061 
Generation 105 Fitness:8.492742
-0.006162 0.023438 -1.755729 0.072317 -0.065172 0.024451 0.015713 0.045997 -1.521150 -0.177661 0.177343 -0.164528 -0.048139 -0.058345 -0.438996 0.311020 -0.337056 -0.193341 0.074862 
Generation 106 Fitness:5.249996
0.011621 0.094683 -1.765336 -0.090158 0.142166 -0.108712 -0.065152 0.039253 -1.566696 0.077694 0.061427 -0.090518 0.026342 -0.084438 -1.549509 0.217529 -0.571916 1.072026 -0.011254 
Generation 107 Fitness:9.001746
0.047923 -0.058241 -1.072215 0.043628 0.093565 -0.080524 0.082061 0.043962 -4.436259 0.108784 0.031772 -0.090518 -0.048020 -0.118964 -0.580073 0.190360 -0.321345 0.474069 0.029801 
Generation 108 Fitness:5.280481
-0.010914 0.093541 -1.691980 0.043628 0.163290 -0.108712 0.038523 0.003423 -1.224195 -0.007960 0.098270 -0.090518 0.048936 -0.110979 -0.050026 0.183377 -0.168018 0.292536 -0.104376 
Generation 109 Fitness:6.055683
0.054960 0.051668 -1.827022 0.047069 -0.129663 0.263109 0.036883 0.055176 -0.974775 -0.049240 -0.014966 0.019566 -0.129233 -0.072439 -1.836448 0.190360 -0.421779 0.369612 0.044241 
Generation 110 Fitness:4.938735
0.016845 -0.058241 -1.021607 -0.045836 0.115273 -0.108712 0.113944 0.046471 -1.566626 -0.049240 0.132915 -0.164528 -0.065175 -0.072439 -1.258153 -0.134707 -0.168274 1.130646 0.006012 
Generation 111 Fitness:5.487641
0.016853 0.052120 -1.021607 -0.166411 0.093565 0.063782 -0.029251 0.068059 -1.046467 -0.029439 0.024791 -0.013345 -0.031093 -0.077830 -1.905378 0.183377 0.008807 -1.228076 0.018972 
Generation 112 Fitness:6.814970
-0.042262 0.052120 -5.783763 0.066460 0.080484 -0.067181 0.064324 0.090886 -1.590378 0.050064 0.069822 0.010478 -0.043700 -0.080369 -1.857920 0.349782 -0.239670 -1.101799 -0.032054 
Generation 113 Fitness:6.208702
0.016857 0.105747 -4.560705 0.258821 0.045329 -0.114299 0.044257 -0.032897 -1.380133 0.050064 0.031772 -0.156280 -0.065175 -0.076752 -1.380306 0.311020 -0.328864 -0.013154 -0.014706 
Generation 114 Fitness:5.911008
-0.036919 0.029212 -1.784188 -0.021771 0.023517 0.075937 0.045944 -0.038720 -0.874915 -0.077561 0.024791 -0.105160 -0.056788 -0.008977 -0.983356 0.352413 -0.168274 -0.438684 0.073188 
Generation 115 Fitness:5.661964
-0.054462 0.105747 -1.163955 0.105809 0.009952 0.024451 0.044257 0.045997 -0.887074 -0.163698 0.132915 0.103161 0.026342 -0.172386 -0.692145 0.170895 -0.168274 0.060597 0.001161 
Generation 116 Fitness:4.735396
0.001915 0.102142 -0.265768 0.043628 -0.032407 0.024451 0.056355 0.006485 -1.222147 -0.152140 0.035610 0.019564 -0.120207 -0.058345 -1.626066 0.258021 -0.232602 0.088774 0.010645 
Generation 117 Fitness:4.331537
-0.036919 0.023438 -1.638787 0.048426 -0.021946 0.024451 0.003909 0.039253 -7.803730 0.044730 0.046425 0.010580 0.022626 -0.118964 -9.982941 0.632429 -0.210163 -1.635136 -0.032054 
Generation 118 Fitness:5.874970
-0.010914 0.105747 -1.608666 0.072317 -0.021946 0.084081 0.003909 0.039253 -1.590378 -0.077561 0.022929 0.046133 -0.061854 -0.118964 -1.501147 0.183377 0.181490 -0.648677 -0.010610 
Generation 119 Fitness:6.493242
-0.010914 0.010813 -1.021607 0.047069 -0.174862 0.263109 0.064643 0.046979 -1.973913 -0.060135 0.031772 0.046133 -0.048020 -0.119527 -1.326922 0.352413 -0.421779 0.763533 0.070327 
Generation 120 Fitness:5.278411
0.011623 0.102142 -3.612637 -0.045836 0.196098 -0.140735 -0.065152 0.045997 -1.566626 0.064920 0.051719 -0.090518 -0.065175 -0.087766 -0.416462 0.258021 -0.180762 0.060597 0.044241 
Generation 121 Fitness:8.005328
0.016852 0.093665 -0.763732 0.148609 0.009952 -0.199453 -0.065152 0.055176 -0.881826 -0.049240 0.067937 -0.090518 -0.056788 -0.094459 -1.665439 -0.044205 -0.232602 -0.060449 0.076998 
Generation 122 Fitness:4.353860
0.004413 0.024848 -1.998202 -0.166411 0.142166 0.063782 0.015713 0.068059 -1.108204 -0.072960 0.024791 0.102649 -0.048139 -0.094459 -1.967681 0.258021 -0.421779 0.651613 0.032069 
Generation 123 Fitness:5.298018
0.015625 0.093665 -1.072215 0.018965 0.087218 -0.067181 -0.030167 0.068059 -1.960447 -0.022612 0.205770 -0.156280 -0.036099 -0.114148 -0.558122 0.322956 -0.180762 -1.012874 -0.014706 
Generation 124 Fitness:5.733855
0.011622 0.105747 -0.476767 0.026962 0.142166 -0.140735 -0.009947 -0.053712 -4.068548 -0.184756 0.070695 0.010478 -0.065175 -0.083167 -1.501147 0.221888 -0.328864 -0.062835 0.070327 
Generation 125 Fitness:5.480340
-0.034574 0.047592 -1.103329 -0.045836 0.061293 -0.071426 -0.009947 0.046979 -2.029733 -0.077561 0.132697 -0.066939 -0.048139 -0.087766 -0.543228 0.183377 -0.082788 -0.060449 0.078709 
Generation 126 Fitness:3.703502
0.011618 0.055764 -1.300917 -0.074284 0.054787 0.063782 0.000676 0.025621 -1.565351 -0.175463 0.186423 -0.090518 -0.036099 -0.087104 -0.608452 0.349782 -0.232602 -0.062835 0.018972 
Generation 127 Fitness:4.096173
0.016852 0.024848 -1.375090 0.027148 -0.032407 0.084081 -0.009947 0.039253 -9.119379 -0.077561 0.205770 -0.239667 -0.048020 -0.081591 -1.513724 0.338837 -0.371870 0.028228 0.069358 
Generation 128 Fitness:3.604208
-0.010914 0.025360 -8.822472 0.084981 -0.021946 0.022409 0.036883 0.045997 -4.436259 0.085070 -0.062521 0.019564 -0.048139 -0.023046 -1.378504 0.190360 -0.210163 -0.060449 0.010645 
Generation 129 Fitness:2.878451
-0.010914 0.047584 -1.723222 0.120956 0.061293 -0.071426 0.077688 0.045997 -1.590378 -0.139938 0.110062 0.019564 -0.048139 -0.144458 -0.705523 0.289611 -0.066276 -0.648677 0.001161 
Generation 130 Fitness:3.489878
0.010106 0.023438 -1.723222 0.043628 0.061293 -0.071426 0.036883 0.036795 -1.590378 0.046887 0.031772 -0.090518 -0.043700 -0.114148 -1.523907 0.289611 -0.168274 -0.648677 0.018972 
Generation 131 Fitness:4.179480
0.015625 0.023438 -1.436225 0.058638 -0.032407 0.024451 0.007412 0.003423 -1.108204 0.050064 0.024791 -0.090518 -0.036099 -0.097405 -1.707246 0.355285 -0.268940 -0.013154 0.038660 
Generation 132 Fitness:4.724642
0.001915 0.086565 -1.063234 0.076316 0.093565 -0.114299 0.017861 0.045997 -1.222147 -0.066244 0.067937 -0.090518 -0.114074 -0.118964 -1.753146 0.438187 -0.232602 -0.746298 0.032069 
Generation 133 Fitness:4.916678
-0.009242 0.024848 -1.281400 -0.061958 0.009952 0.084081 0.023796 0.003423 -1.683005 -0.144583 0.067937 0.052815 -0.048139 -0.040371 -1.258153 0.322956 0.056688 -0.652466 0.010645 
Generation 134 Fitness:4.719566
0.011652 0.047592 -1.300917 0.026962 0.067908 0.024451 0.044257 0.020011 -1.108204 -0.007960 0.012182 0.010478 -0.014953 -0.114148 -1.086791 0.311020 -0.168274 -0.592626 -0.026585 
Generation 135 Fitness:2.376066
-0.026506 0.009770 -1.491720 -0.057640 0.093565 -0.004626 0.056355 0.045997 -1.380133 0.044730 0.035354 -0.025912 0.000783 -0.144458 -0.459322 0.253016 -0.019227 -0.592626 0.032069 
Generation 136 Fitness:3.672523
0.001915 0.047592 -1.424517 0.048426 0.023517 0.063782 0.044257 0.055176 -5.296867 -0.072960 0.132915 -0.090518 -0.056788 -0.058345 -0.775074 0.311020 -0.369673 -0.013154 -0.006514 
Generation 137 Fitness:4.059805
0.037062 0.093665 -0.801873 -0.008852 -0.032407 0.157092 -0.009947 0.043453 -0.955442 -0.072960 0.098270 -0.090518 -0.048020 -0.118964 -0.608452 0.349782 -0.369673 0.070507 0.010645 
Generation 138 Fitness:3.212697
0.001915 0.029212 -1.639299 0.066460 0.009938 -0.055892 0.017861 0.036795 -0.881826 -0.007960 0.061427 -0.090518 -0.043700 -0.076752 -1.505296 0.322956 -0.239670 -0.060449 -0.000944 
Generation 139 Fitness:2.702735
0.034711 0.024848 -0.935240 0.043628 -0.021946 0.022409 0.000676 0.046471 -5.737054 0.044728 0.070695 -0.090873 -0.007491 -0.118964 -1.850315 0.190360 -0.210163 -0.183780 0.010645 
Generation 140 Fitness:4.992336
0.034723 0.025360 -1.104784 0.027148 -0.129663 0.219403 0.017861 0.046013 -5.737054 0.020442 0.061427 -0.090518 -0.061854 -0.072080 -1.384243 0.447930 -0.210163 -0.832801 0.014544 
Generation 141 Fitness:4.244445
0.016848 0.047592 -1.491720 -0.012669 0.009888 0.114970 0.007412 0.036795 -3.382523 -0.049240 0.061427 -0.013345 -0.043700 -0.081591 -1.476593 0.267913 -0.232602 -0.060449 0.010645 
Generation 142 Fitness:4.537458
-0.036919 0.029212 -0.958700 0.043628 -0.021946 0.022409 0.003909 0.003423 -5.737054 0.046887 0.031772 -0.090518 -0.043700 -0.058345 -1.669330 0.311020 -0.173258 -0.054643 0.058948 
Generation 143 Fitness:3.546931
0.015320 0.047592 -1.634355 0.043628 0.049318 -0.004626 0.044257 0.045997 -9.076466 -0.049240 0.177343 -0.156280 -0.036099 -0.097405 -1.328347 0.268169 -0.232602 -0.193341 -0.032054 
Generation 144 Fitness:3.613328
-0.010914 0.010813 -1.300917 0.043628 -0.021946 0.063782 0.056355 0.048045 -0.874915 -0.049240 0.070695 0.010478 -0.036099 -0.083167 -1.501147 0.138847 -0.187824 0.129602 0.001161 
Generation 145 Fitness:4.270802
0.004169 0.047592 -0.429842 0.030510 -0.021946 0.024451 0.003909 0.054887 -8.870003 0.050064 0.070695 -0.164528 -0.061854 -0.044455 -1.328347 0.190232 -0.133428 -0.360501 0.018972 
Generation 146 Fitness:4.574827
-0.009242 0.029212 -1.424517 0.018997 0.049318 0.024451 0.045944 0.043962 -9.549450 0.046887 0.046425 -0.090518 -0.031638 -0.087104 -1.594333 0.349782 -0.133428 -1.085567 0.010645 
Generation 147 Fitness:2.761848
0.022268 0.042354 -1.596552 -0.008852 0.039564 0.024457 -0.006625 0.039253 -1.565351 -0.077561 0.122445 -0.066939 -0.056788 -0.072080 -1.484146 0.429862 -0.298392 -0.256795 -0.000944 
Generation 148 Fitness:4.289174
0.011651 0.024848 -1.645596 0.018965 -0.008069 0.024451 0.015713 0.003423 -1.935829 0.046887 0.024791 -0.059854 -0.004363 -0.083167 -0.835348 0.183377 -0.017135 -0.592626 0.010645 
Generation 149 Fitness:2.639777
-0.009306 0.010813 -1.217822 -0.008852 0.009952 0.063782 0.056355 0.039253 -1.916868 -0.049240 0.070695 -0.025912 -0.014953 -0.087104 -0.983356 0.138847 -0.066276 -0.416080 0.010645 
Generation 150 Fitness:4.416805
0.011640 0.047592 -1.531406 0.026962 0.023517 0.075937 0.036883 0.022698 -1.683005 -0.007960 0.070695 -0.090518 -0.043700 -0.084438 -1.187712 0.190360 -0.210163 -0.189335 0.001161 
Generation 151 Fitness:3.524822
0.016845 0.047592 -1.592859 0.043628 0.009952 0.024451 0.007521 -0.007490 -1.629322 -0.038850 0.061427 -0.090518 -0.043700 -0.077830 -1.484146 0.311020 -0.180762 -0.127019 0.016744 
Generation 152 Fitness:2.157550
0.001257 0.029212 -1.784188 0.027148 0.009952 0.008846 -0.009947 0.045997 -5.444877 0.046885 0.056909 -0.090518 -0.048139 -0.044685 -1.797751 0.258021 -0.100322 -0.459160 0.010645 
Generation 153 Fitness:3.573570
0.023339 0.010813 -1.208093 -0.057640 0.022427 0.075937 0.036883 0.055176 -1.905225 -0.015505 0.098270 -0.090518 -0.061854 -0.122891 -1.391785 0.289611 -0.168274 -0.318055 0.032069 
Generation 154 Fitness:2.513868
-0.006402 0.041041 -1.375090 -0.057640 0.084098 0.008846 0.015713 0.045997 -5.296867 0.046887 0.070695 -0.090518 -0.036099 -0.072080 -1.384243 0.355285 -0.268940 -0.438684 0.010645 
Generation 155 Fitness:2.675975
0.015320 0.047592 -1.190509 -0.008852 0.045393 0.063782 0.036883 0.039253 -5.296867 -0.022612 0.100705 -0.090518 -0.048139 -0.102315 -1.952746 0.190360 -0.269966 -0.060449 0.010645 
Generation 156 Fitness:2.565358
0.016845 0.047592 -1.336886 0.027148 0.009952 0.024451 0.015713 0.035996 -1.962471 -0.022612 0.067937 -0.090518 -0.043700 -0.092309 -0.608452 0.183377 -0.160309 -0.062835 0.018972 
Generation 157 Fitness:3.349948
0.018890 0.041041 -1.745136 -0.008852 0.054787 0.008846 0.023796 0.054887 -1.971396 -0.049240 0.110062 -0.090518 -0.043700 -0.114148 -0.463138 0.414171 -0.239670 -0.438684 0.010645 
Generation 158 Fitness:2.965059
0.011647 0.056841 -1.997730 0.043628 0.039564 0.022409 0.017861 0.022698 -1.999091 -0.038850 0.067873 -0.066939 -0.048020 -0.076752 0.093466 0.217529 -0.239670 -0.060449 0.032069 
Generation 159 Fitness:2.722317
0.011611 0.029212 -1.997730 -0.045836 0.061293 0.022409 0.015713 0.045997 -5.737054 0.044728 0.061427 -0.090518 -0.048139 -0.076752 -1.476593 0.322956 -0.120101 -0.843868 0.018972 
Generation 160 Fitness:2.954922
0.016845 0.047592 -1.436225 0.047069 0.009952 0.024457 0.017861 0.022698 -8.870003 -0.007960 0.046425 -0.059854 -0.048020 -0.094459 -1.930350 0.258021 -0.232602 -0.013154 0.018972 
Generation 161 Fitness:2.977128
0.011617 0.052120 -1.858823 0.026962 0.023517 0.016382 0.000107 0.055176 -0.959695 -0.015519 0.031772 0.010478 -0.043700 -0.114148 -1.407121 0.352413 -0.232602 -0.360399 0.010645 
Generation 162 Fitness:2.457625
-0.010914 0.048421 -1.639299 0.048426 -0.008069 0.063782 0.015713 0.026445 -3.382523 -0.032664 0.067937 -0.059854 -0.048020 -0.076752 -1.599476 0.355285 -0.172739 -0.438684 0.018972 
Generation 163 Fitness:2.859603
0.015320 0.047594 -1.875522 -0.008852 0.054787 0.008846 0.015713 0.036795 -1.737109 -0.031892 0.096222 -0.090518 -0.043700 -0.097405 -1.905378 0.183377 -0.173258 -0.318055 0.010645 
Generation 164 Fitness:2.996653
0.011610 0.041041 -1.668965 -0.008852 0.009952 0.063782 0.007412 0.039253 -1.295737 -0.007960 0.070695 -0.090518 -0.043700 -0.097405 -1.473133 0.311020 -0.138688 -0.586548 0.018972 
Generation 165 Fitness:2.357855
0.016845 0.056841 -1.997307 0.026962 0.045393 0.008846 0.015713 0.039253 -1.916868 -0.029439 0.069822 -0.059854 -0.048139 -0.094459 -1.850315 0.338837 -0.168274 -0.459160 -0.023798 
Generation 166 Fitness:2.319216
0.001915 0.052120 -1.691980 -0.057640 0.087218 0.008878 0.003909 0.046979 -0.881826 -0.038850 0.024791 0.002286 -0.048020 -0.087104 -1.752432 0.258021 -0.232602 -0.014962 0.018972 
Generation 167 Fitness:3.395416
0.001256 0.056841 -1.947657 0.043628 0.023517 0.008846 0.007521 0.045997 -1.929104 -0.038850 0.067937 -0.016380 -0.056788 -0.087104 -1.484450 0.267913 -0.168274 -0.268757 0.010645 
Generation 168 Fitness:3.338425
0.016845 0.047592 -1.281400 0.030510 0.009952 0.024451 0.017861 0.039253 -5.461261 0.046885 0.046425 -0.090518 -0.048139 -0.097405 -1.598270 0.311020 -0.180762 -0.337283 -0.001008 
Generation 169 Fitness:2.754037
0.001256 0.047592 -1.396228 0.027144 0.001746 0.024451 0.003909 0.036795 -5.296867 0.046885 0.061427 -0.090518 -0.031638 -0.097405 -0.930152 0.267913 -0.168274 -0.062835 0.018972 
Generation 170 Fitness:2.548569
0.015625 0.072979 -0.489518 -0.012669 -0.008069 0.075937 0.003909 0.043962 -1.629322 -0.049240 0.046425 -0.013345 -0.045972 -0.097405 -1.420500 0.253016 -0.173258 -0.586548 0.010645 
Generation 171 Fitness:4.124142
0.011646 0.056841 -1.722001 0.026962 0.023517 0.024457 0.003909 0.035996 -1.285371 -0.007960 0.069822 -0.090873 -0.043700 -0.097405 -1.501147 0.258021 -0.168274 -0.416080 0.010645 
Generation 172 Fitness:2.930099
0.016845 0.042354 -1.294985 -0.008852 0.009952 0.075937 0.007668 0.043962 -1.558654 -0.026544 0.067937 -0.066939 -0.036099 -0.094459 -0.431917 0.267913 -0.168274 -0.193341 0.014552 
Generation 173 Fitness:2.174251
0.004067 0.029214 -1.424517 -0.034790 0.067652 0.008846 0.044257 0.046979 -5.444877 0.050064 0.046425 -0.090518 -0.048020 -0.084438 -1.484146 0.289611 -0.232602 -0.127019 -0.000944 
Generation 174 Fitness:1.969449
0.015320 0.047592 -1.085758 -0.008852 0.001746 0.075937 0.000107 0.045997 -1.999091 -0.015519 0.069822 -0.059854 -0.048020 -0.080369 -1.512796 0.190360 -0.176835 -0.127019 0.010645 
Generation 175 Fitness:2.568752
0.011598 0.052120 -1.634355 0.026962 0.001746 0.063782 0.007412 0.043962 -1.929104 -0.015505 0.067937 -0.066939 -0.048139 -0.092373 -1.764009 0.267731 -0.232602 -0.256795 0.014552 
Generation 176 Fitness:2.331563
0.001915 0.056841 -1.694901 0.026962 0.023517 0.022409 0.003909 0.045997 -5.444877 0.077694 0.012182 -0.059854 -0.035508 -0.097405 -1.752432 0.322956 -0.210163 -0.350031 0.010645 
Generation 177 Fitness:2.471775
0.015320 0.041041 -1.639299 -0.008852 0.039564 0.024451 0.017861 0.045997 -5.444877 0.020442 0.067937 -0.090518 -0.048020 -0.083167 -1.108621 0.258021 -0.210163 -0.189335 0.014552 
Generation 178 Fitness:1.877256
0.022251 0.052120 -1.658465 0.027148 0.045393 0.008846 0.017861 0.039253 -5.468498 0.020442 0.067937 -0.090518 -0.048020 -0.094459 -1.476593 0.190360 -0.187824 -0.312006 0.010645 
Generation 179 Fitness:2.439338
0.011608 0.047584 -1.104784 0.018965 0.009952 0.024451 0.017861 0.043453 -5.737054 -0.015519 0.102107 -0.090518 -0.048020 -0.087766 -1.568050 0.322956 -0.239670 -0.312006 0.007446 
Generation 180 Fitness:2.709663
0.016845 0.047592 -1.294985 0.018965 0.001746 0.024457 0.003909 0.039253 -1.566626 -0.007960 0.067937 -0.066939 -0.043700 -0.094459 -1.476593 0.267913 -0.172739 -0.401035 0.010645 
Generation 181 Fitness:2.401049
0.011612 0.041041 -0.489518 -0.012669 0.001746 0.063782 0.017861 0.036795 -4.436259 -0.015519 0.096222 -0.090518 -0.048139 -0.083167 -1.307168 0.258021 -0.138688 -0.459160 0.010645 
Generation 182 Fitness:2.169003
0.011603 0.047592 -1.592859 0.018965 0.009952 0.063782 0.003909 0.045997 -1.380133 -0.049240 0.067937 -0.025912 -0.048020 -0.083167 -1.378504 0.267913 -0.210163 -0.268757 0.010645 
Generation 183 Fitness:3.346569
0.011609 0.047592 -1.300917 -0.034790 0.045393 0.063782 0.015713 0.035996 -1.789097 -0.015505 0.067937 -0.066939 -0.048139 -0.097405 -0.385121 0.311020 -0.180762 -0.189335 0.018972 
Generation 184 Fitness:2.434897
0.016845 0.051668 -1.745136 -0.012669 0.045393 0.063782 0.017861 0.046979 -1.222147 -0.031892 0.069822 -0.059854 -0.048020 -0.102315 -1.420500 0.258021 -0.232602 -0.318055 0.010645 
Generation 185 Fitness:3.327179
0.011603 0.042354 -1.424517 -0.034790 0.054787 0.024451 0.017869 0.055176 -1.886707 -0.031892 0.110062 -0.090518 -0.043700 -0.097405 -0.930152 0.244931 -0.232602 -0.127019 0.014142 
Generation 186 Fitness:1.902200
0.016845 0.047592 -1.300917 0.027148 0.009952 0.024451 0.007668 0.039253 -4.436259 -0.007960 0.070663 -0.059854 -0.048020 -0.087104 -1.328347 0.268169 -0.173258 -0.193341 0.006012 
Generation 187 Fitness:2.157380
0.010578 0.047592 -1.217822 0.030510 0.023517 0.008846 0.015713 0.043450 -1.789097 -0.022612 0.067937 -0.066939 -0.048139 -0.094459 -1.752432 0.258021 -0.232602 -0.308948 0.010709 
Generation 188 Fitness:1.765000
0.016845 0.029214 -1.217822 0.030510 0.001746 0.008846 0.014938 0.036795 -2.029733 -0.015519 0.067937 -0.066939 -0.048020 -0.083167 -0.877708 0.311020 -0.173258 -0.308948 0.010645 
Generation 189 Fitness:3.797060
0.015320 0.047592 -1.440934 0.018965 0.009952 0.063782 0.015713 0.047445 -1.999091 -0.007960 0.070695 -0.066939 -0.048139 -0.097405 -1.857920 0.267913 -0.210163 -0.308948 -0.000944 
Generation 190 Fitness:2.106404
0.015320 0.047592 -1.858950 0.026962 0.023517 0.022409 0.007412 0.026445 -1.905225 -0.049240 0.098270 -0.090518 -0.048020 -0.077830 -1.242331 0.267913 -0.168274 -0.416080 0.014142 
Generation 191 Fitness:1.917972
0.016845 0.052120 -1.440934 -0.004519 0.039564 0.024451 0.007412 0.039253 -1.944666 -0.007960 0.061427 -0.066939 -0.048139 -0.094459 -1.328347 0.253016 -0.168274 -0.337283 0.010645 
Generation 192 Fitness:2.674530
0.001915 0.047592 -1.300917 0.018965 0.023517 0.022409 0.017869 0.045997 -1.565351 -0.007960 0.070695 -0.090518 -0.048139 -0.094459 -1.258153 0.267913 -0.210163 -0.312006 0.018972 
Generation 193 Fitness:2.253868
0.011606 0.047592 -0.778245 -0.012669 0.009952 0.063782 0.015713 0.039253 -1.971396 -0.021247 0.061427 -0.059854 -0.056788 -0.094459 -1.505296 0.258021 -0.133428 -0.318055 0.010645 
Generation 194 Fitness:2.606509
0.015320 0.047592 -1.531406 0.018965 0.022427 0.024457 0.017861 0.026445 -1.754244 -0.031889 0.070695 -0.066939 -0.048020 -0.084438 -1.522857 0.253016 -0.210163 -0.256795 0.010709 
Generation 195 Fitness:3.472339
0.015320 0.047592 -0.935240 -0.012669 0.009952 0.063782 0.003909 0.035996 -1.912397 -0.029439 0.069822 -0.066939 -0.043700 -0.094459 -1.594333 0.258021 -0.173258 -0.256795 0.014552 
Generation 196 Fitness:2.256844
0.016845 0.041041 -1.424517 0.027148 0.009952 0.016382 0.017861 0.039253 -1.789097 -0.015519 0.061427 -0.059854 -0.048020 -0.102315 -1.858355 0.253016 -0.173258 -0.360501 0.010645 
Generation 197 Fitness:2.220697
0.016845 0.047592 -1.300917 -0.012669 0.023517 0.063782 0.017861 0.039253 -1.730201 -0.015505 0.067937 -0.059854 -0.048020 -0.094459 -1.476593 0.217529 -0.232602 -0.033218 0.010645 
Generation 198 Fitness:2.495665
0.015625 0.052120 -1.298524 -0.012669 0.039564 0.024451 0.007412 0.036795 -1.912397 -0.022612 0.061427 -0.059854 -0.035508 -0.102315 -1.258153 0.253016 -0.168274 -0.350031 0.014552 
Generation 199 Fitness:2.066362
0.016845 0.047592 -1.645596 -0.008852 0.022427 0.063782 0.007412 0.043962 -1.788128 -0.015505 0.070695 -0.059854 -0.036099 -0.094459 -1.549765 0.258021 -0.232602 -0.307038 0.010645 
Generation 200 Fitness:2.338249
0.015320 0.047592 -1.104784 -0.008852 0.023517 0.063782 0.015713 0.039253 -1.971396 -0.015519 0.070695 -0.066939 -0.048020 -0.094459 -1.598270 0.225984 -0.173258 -0.360501 0.010645 
Generation 201 Fitness:2.227817
0.016845 0.045544 -1.190509 -0.012669 0.023517 0.063782 0.017869 0.035996 -1.754244 -0.026544 0.067937 -0.066939 -0.048020 -0.094459 -1.391785 0.267913 -0.180762 -0.360501 0.010645 
Generation 202 Fitness:2.357970
0.015320 0.042354 -1.217822 -0.012669 0.009952 0.063782 0.007668 0.039253 -1.580911 -0.015519 0.061427 -0.059854 -0.036099 -0.097405 -1.476593 0.258021 -0.160309 -0.337283 0.010645 
Generation 203 Fitness:2.224143
0.015320 0.047592 -1.608666 -0.012669 0.023517 0.063782 0.014938 0.039253 -1.754244 -0.022612 0.067937 -0.059854 -0.048020 -0.087104 -1.523907 0.267913 -0.210163 -0.318055 0.010645 
Generation 204 Fitness:2.278500
0.011603 0.047592 -1.295241 -0.004519 0.017939 0.063782 0.015713 0.045997 -1.971396 -0.007960 0.070695 -0.066939 -0.048020 -0.094459 -1.326922 0.268169 -0.232602 -0.193341 0.010645 
Generation 205 Fitness:2.571894
0.016845 0.047592 -1.176603 0.029043 0.009888 0.024451 0.015713 0.035996 -1.993459 -0.007960 0.061427 -0.066939 -0.048139 -0.094459 -1.484146 0.258021 -0.212032 -0.256795 0.010645 
Generation 206 Fitness:2.355001
0.011602 0.047592 -1.217822 -0.012669 0.023517 0.063782 0.015713 0.039253 -1.789097 -0.029439 0.070695 -0.059854 -0.048020 -0.094459 -1.501147 0.258021 -0.173258 -0.308948 0.010645 
Generation 207 Fitness:2.654506
0.015625 0.047584 -1.531406 -0.012669 0.023517 0.063782 0.014938 0.039253 -1.912397 -0.007960 0.061427 -0.059854 -0.048139 -0.094459 -1.326922 0.258021 -0.173258 -0.307038 0.010645 
Generation 208 Fitness:2.783941
0.011639 0.047592 -1.021607 -0.012669 0.023517 0.063782 0.017797 0.039253 -1.999091 -0.007960 0.067937 -0.066939 -0.048139 -0.097405 -0.930152 0.267913 -0.180762 -0.256795 0.014142 
Generation 209 Fitness:2.092930
0.015320 0.047592 -1.176603 -0.008852 0.017939 0.063782 0.007668 0.043962 -1.971396 -0.007960 0.061427 -0.066939 -0.043700 -0.087104 -1.505296 0.258021 -0.230273 -0.264661 0.010645 
Generation 210 Fitness:1.946022
0.015320 0.042354 -1.294985 0.026962 0.009952 0.016382 0.014874 0.039253 -1.962471 -0.024472 0.070695 -0.059854 -0.048139 -0.094459 -1.722335 0.267913 -0.210163 -0.272216 0.010645 
Generation 211 Fitness:3.215877
0.011614 0.055764 -1.281400 -0.008852 0.023517 0.063782 0.014938 0.039253 -3.382523 -0.007960 0.069820 -0.066939 -0.048139 -0.094459 -1.398860 0.257957 -0.184550 -0.337283 0.014552 
Generation 212 Fitness:2.545577
0.016845 0.047592 -1.105808 -0.004519 0.009952 0.063782 0.007412 0.039253 -1.590378 -0.022612 0.067937 -0.059854 -0.048020 -0.094459 -1.523907 0.258037 -0.173258 -0.312006 0.010645 
Generation 213 Fitness:2.834223
0.011609 0.047592 -1.436989 -0.008852 0.023517 0.063782 0.015713 0.039253 -1.999091 -0.015519 0.067937 -0.059854 -0.048020 -0.092373 -1.380306 0.268169 -0.187824 -0.350031 0.014552 
Generation 214 Fitness:3.225688
0.011644 0.041041 -1.104784 -0.008852 0.009952 0.063782 0.015713 0.043453 -1.584464 -0.015505 0.067937 -0.066939 -0.045972 -0.094459 -1.380306 0.253016 -0.180762 -0.308948 0.014142 
Generation 215 Fitness:2.509906
0.016846 0.047592 -1.424517 -0.004519 0.023517 0.063782 0.017861 0.039381 -1.999091 -0.015505 0.061427 -0.059854 -0.048139 -0.094459 -1.378504 0.258021 -0.210163 -0.308948 0.014552 
Generation 216 Fitness:3.458418
0.015320 0.047592 -1.398991 -0.008852 0.023517 0.063782 0.015713 0.039253 -1.720366 -0.029439 0.070695 -0.059854 -0.048020 -0.097405 -1.513724 0.258021 -0.173258 -0.350031 0.010645 
Generation 217 Fitness:2.589730
0.016845 0.047592 -1.217822 -0.000660 0.009952 0.063782 0.007412 0.039253 -1.999091 -0.015519 0.067937 -0.066939 -0.048020 -0.094459 -1.326922 0.258021 -0.173258 -0.272216 0.014552 
Generation 218 Fitness:2.372197
0.016848 0.047584 -1.217822 -0.008852 0.019421 0.063782 0.015713 0.039253 -1.789097 -0.022612 0.069822 -0.059854 -0.048139 -0.094459 -1.523907 0.253016 -0.180762 -0.401035 0.010645 
Generation 219 Fitness:2.075905
0.015320 0.047592 -1.328359 -0.008852 0.023517 0.055590 0.015713 0.036795 -1.999091 -0.015505 0.061427 -0.059854 -0.049569 -0.094459 -1.476593 0.258021 -0.168274 -0.308948 0.010645 
Generation 220 Fitness:2.170020
0.015320 0.047592 -0.935240 -0.008852 0.009952 0.063782 0.015713 0.036795 -1.255592 -0.029439 0.067937 -0.059854 -0.045972 -0.094459 -1.328347 0.258021 -0.180762 -0.360501 0.010645 
Generation 221 Fitness:2.262925
0.015320 0.047592 -1.190509 -0.012669 0.022427 0.063782 0.014938 0.039253 -1.999091 -0.029439 0.070693 -0.059854 -0.048139 -0.094459 -1.476593 0.258021 -0.173258 -0.318055 0.010645 
Generation 222 Fitness:2.469903
0.016845 0.047592 -1.072215 -0.008852 0.009952 0.063782 0.015713 0.039253 -1.944666 -0.015505 0.061427 -0.059854 -0.048139 -0.094459 -1.484146 0.253016 -0.173258 -0.350031 0.010645 
Generation 223 Fitness:2.622988
0.011635 0.047592 -1.436989 -0.004519 0.022427 0.063782 0.014938 0.039253 -1.912397 -0.022612 0.067937 -0.059854 -0.043700 -0.094459 -1.259352 0.267913 -0.172739 -0.318055 0.010645 
Generation 224 Fitness:3.549788
0.015320 0.051668 -1.294985 -0.012669 0.023517 0.063782 0.007412 0.036795 -1.912397 -0.015505 0.070695 -0.059854 -0.043700 -0.094459 -1.328347 0.264404 -0.180762 -0.337283 0.010645 
Generation 225 Fitness:2.537105
0.011637 0.047592 -1.294985 -0.008852 0.023517 0.063782 0.017861 0.039253 -1.999091 -0.015505 0.069822 -0.066939 -0.043700 -0.094459 -1.187712 0.258021 -0.180762 -0.307038 0.010645 
Generation 226 Fitness:2.102808
0.015320 0.047592 -1.190509 -0.008852 0.023517 0.063782 0.015713 0.039253 -1.921034 -0.021247 0.067937 -0.059854 -0.048020 -0.094459 -1.258153 0.258021 -0.180762 -0.312006 0.010645 
Generation 227 Fitness:4.410890
0.015320 0.047592 -1.281400 -0.008852 0.023513 0.063782 0.017869 0.036795 -1.929104 -0.022612 0.069822 -0.057806 -0.048020 -0.097405 -1.484146 0.258021 -0.176835 -0.360501 0.011669 
Generation 228 Fitness:2.032906
0.016845 0.047592 -1.300917 -0.008852 0.017939 0.063782 0.017797 0.039253 -1.971396 -0.015519 0.067937 -0.059854 -0.048020 -0.094459 -1.315189 0.258021 -0.180762 -0.360501 0.010645 
Generation 229 Fitness:2.657912
0.015320 0.047584 -1.436989 -0.004519 0.017939 0.063782 0.007668 0.039253 -1.750355 -0.015519 0.067937 -0.059854 -0.043700 -0.095357 -1.398860 0.244931 -0.168274 -0.350031 0.014552 
Generation 230 Fitness:2.162201
0.011611 0.047592 -1.300917 -0.008852 0.023517 0.063782 0.014938 0.041901 -1.935829 -0.015505 0.067937 -0.059854 -0.048020 -0.094459 -1.384243 0.264404 -0.180762 -0.307070 0.010645 
Generation 231 Fitness:2.263809
0.011607 0.047592 -1.328631 -0.008852 0.023517 0.063782 0.015713 0.039253 -1.971172 -0.007960 0.061427 -0.057806 -0.043700 -0.097405 -1.307232 0.267913 -0.180762 -0.308948 0.010709 
Generation 232 Fitness:2.532697
0.015320 0.047592 -1.294985 -0.005031 0.023517 0.063782 0.015713 0.039253 -1.923743 -0.015505 0.061427 -0.059854 -0.048020 -0.094459 -1.505296 0.253016 -0.180762 -0.350031 0.010645 
Generation 233 Fitness:2.540742
0.011599 0.047592 -1.217822 -0.008852 0.019421 0.063782 0.017857 0.040891 -1.999091 -0.015505 0.067873 -0.059854 -0.048139 -0.097405 -1.516298 0.258021 -0.180762 -0.308948 0.010645 
Generation 234 Fitness:2.544483
0.011611 0.047592 -1.021607 -0.008852 0.017939 0.063782 0.015713 0.039253 -1.789097 -0.015519 0.061427 -0.059854 -0.048139 -0.094459 -1.307168 0.267731 -0.173258 -0.308948 0.010645 
Generation 235 Fitness:2.538292
0.011634 0.047592 -1.208093 -0.008852 0.023517 0.063782 0.015713 0.040891 -1.912397 -0.024472 0.070695 -0.059854 -0.048139 -0.094459 -1.501147 0.258021 -0.180762 -0.308948 0.010645 
Generation 236 Fitness:2.593641
0.016845 0.047584 -1.396228 -0.009108 0.023517 0.063782 0.015713 0.039253 -1.929104 -0.015519 0.067937 -0.059854 -0.048020 -0.094459 -1.328347 0.258021 -0.180762 -0.350031 0.010645 
Generation 237 Fitness:2.193938
0.015625 0.047592 -1.294985 -0.012669 0.023517 0.063782 0.015713 0.039253 -2.029733 -0.007960 0.061427 -0.059854 -0.048020 -0.094459 -1.307232 0.258021 -0.180762 -0.312006 0.010645 
Generation 238 Fitness:3.058343
0.015625 0.047592 -1.294985 -0.008852 0.017987 0.063782 0.017869 0.039253 -1.912397 -0.015519 0.067937 -0.059854 -0.048139 -0.094459 -1.328347 0.253016 -0.180762 -0.337283 0.010645 
Generation 239 Fitness:2.692383
0.016845 0.047592 -1.217822 -0.012669 0.022427 0.063782 0.014689 0.039253 -1.999091 -0.026544 0.067937 -0.057806 -0.048020 -0.094459 -1.484146 0.258021 -0.187824 -0.312006 0.010645 
Generation 240 Fitness:1.963981
0.015320 0.047592 -1.295273 -0.004519 0.022427 0.063782 0.015713 0.039253 -1.944666 -0.022612 0.067937 -0.059854 -0.048139 -0.094459 -1.407121 0.258021 -0.187824 -0.307038 0.010645 
Generation 241 Fitness:2.229863
0.015320 0.047592 -1.217822 -0.008852 0.018003 0.063782 0.015713 0.039253 -1.999091 -0.015505 0.067937 -0.059854 -0.048139 -0.094459 -1.326922 0.258021 -0.180762 -0.312006 0.010645 
Generation 242 Fitness:2.037013
0.015320 0.047592 -1.208093 -0.005031 0.009952 0.063782 0.015713 0.041901 -2.029733 -0.015505 0.067937 -0.059854 -0.048020 -0.094459 -1.398860 0.258021 -0.180762 -0.337283 0.010645 
Generation 243 Fitness:3.403669
0.015625 0.047592 -1.190509 -0.008852 0.023517 0.063782 0.017869 0.035996 -1.912397 -0.015519 0.061427 -0.059854 -0.048020 -0.097405 -1.475569 0.253016 -0.168274 -0.360399 0.010709 
Generation 244 Fitness:1.811150
0.015320 0.047592 -1.176603 -0.008852 0.017939 0.063782 0.014689 0.039381 -1.923743 -0.015505 0.061427 -0.059854 -0.048139 -0.094459 -1.391785 0.253016 -0.173258 -0.308948 0.010629 
Generation 245 Fitness:2.506896
0.015320 0.047592 -1.176603 -0.008852 0.017939 0.063782 0.017861 0.039253 -1.993459 -0.015505 0.061427 -0.057806 -0.048139 -0.094459 -1.314770 0.258021 -0.187824 -0.272216 0.010645 
Generation 246 Fitness:2.471756
0.015320 0.047592 -1.176603 -0.004519 0.017939 0.063782 0.015713 0.039253 -1.912397 -0.022612 0.067937 -0.057806 -0.048139 -0.094459 -1.328347 0.258021 -0.180762 -0.308948 0.010645 
Generation 247 Fitness:2.140795
0.015320 0.047328 -1.170613 -0.004519 0.017939 0.063782 0.015713 0.039253 -1.701090 -0.015505 0.061427 -0.059854 -0.048139 -0.094459 -1.380306 0.244931 -0.180762 -0.308948 0.010645 
Generation 248 Fitness:2.071740
0.015320 0.047592 -1.217822 -0.008852 0.017939 0.063782 0.014938 0.039253 -1.999091 -0.022612 0.069822 -0.059854 -0.048139 -0.094459 -1.516298 0.253016 -0.173258 -0.350031 0.010709 
Generation 249 Fitness:2.288503
0.015320 0.047584 -1.190509 -0.008852 0.017939 0.063782 0.015713 0.039253 -1.999091 -0.015519 0.061427 -0.059854 -0.048020 -0.094459 -1.433686 0.258021 -0.180762 -0.312006 0.010645 
Generation 250 Fitness:3.215030
0.015320 0.047592 -1.176603 -0.008852 0.017939 0.063782 0.015713 0.039381 -1.912397 -0.022612 0.070695 -0.059854 -0.049569 -0.094459 -1.391785 0.258021 -0.182042 -0.307038 0.010645 
Generation 251 Fitness:2.430046
0.015320 0.047584 -1.179425 -0.008852 0.017939 0.063782 0.015713 0.039253 -2.029733 -0.015505 0.069822 -0.059854 -0.048139 -0.094459 -1.407121 0.258021 -0.189390 -0.312006 0.010645 
Generation 252 Fitness:2.132152
0.015320 0.047592 -1.179425 -0.004519 0.009952 0.063782 0.014938 0.039253 -1.993459 -0.015505 0.067937 -0.059854 -0.048020 -0.094459 -1.501147 0.253016 -0.180762 -0.308948 0.010645 
Generation 253 Fitness:2.385881
0.015320 0.047592 -1.235253 -0.004519 0.017939 0.063782 0.015713 0.039253 -2.029733 -0.022612 0.067937 -0.059854 -0.048020 -0.094459 -1.391785 0.258021 -0.180762 -0.312006 0.010645 
Generation 254 Fitness:2.213136
0.015320 0.047592 -1.176603 -0.008852 0.017939 0.063782 0.015713 0.039253 -1.971172 -0.015519 0.061427 -0.059854 -0.048020 -0.094459 -1.391785 0.258021 -0.181018 -0.312006 0.010645 
Generation 255 Fitness:2.441402
0.015320 0.047592 -1.190509 -0.008852 0.017939 0.063782 0.015713 0.039253 -1.999091 -0.015583 0.067937 -0.057806 -0.048139 -0.094459 -1.328347 0.258021 -0.180762 -0.318055 0.010645 
Generation 256 Fitness:2.700219
0.015320 0.047592 -1.297784 -0.004519 0.017939 0.063782 0.015713 0.039253 -1.999091 -0.015505 0.067937 -0.059854 -0.048020 -0.094459 -1.398860 0.258021 -0.187824 -0.307070 0.010645 
Generation 257 Fitness:2.218659
0.015320 0.047464 -1.190509 -0.008852 0.017939 0.063782 0.015713 0.039253 -1.999091 -0.015505 0.067937 -0.059854 -0.048395 -0.094459 -1.398860 0.253016 -0.180762 -0.312006 0.010645 
Generation 258 Fitness:2.545570
0.015320 0.047592 -1.208093 -0.008852 0.018003 0.063782 0.014938 0.039253 -1.999091 -0.015505 0.067937 -0.059854 -0.048139 -0.094459 -1.391785 0.258021 -0.180762 -0.318055 0.010709 
Generation 259 Fitness:2.082463
0.015625 0.047592 -1.294985 -0.004519 0.017939 0.063782 0.014938 0.039253 -2.029733 -0.015505 0.067937 -0.059854 -0.048139 -0.094459 -1.378504 0.258021 -0.180762 -0.318055 0.010645 
Generation 260 Fitness:2.106639
0.015320 0.047592 -1.190509 -0.004519 0.014048 0.063782 0.015713 0.039253 -1.999091 -0.024472 0.067937 -0.057806 -0.048020 -0.094459 -1.407121 0.258021 -0.180762 -0.307038 0.010645 
Generation 261 Fitness:1.998587
0.015320 0.047584 -1.190637 -0.004519 0.017939 0.063782 0.015713 0.039253 -1.971396 -0.022612 0.067937 -0.057806 -0.048020 -0.094459 -1.433686 0.258021 -0.180762 -0.337283 0.010645 
Generation 262 Fitness:2.596108
0.015625 0.047592 -1.208093 -0.008852 0.017939 0.063782 0.014938 0.039253 -1.999091 -0.015519 0.067939 -0.059854 -0.048020 -0.094459 -1.433686 0.253016 -0.185114 -0.308948 0.010645 
Generation 263 Fitness:2.073657
0.015320 0.047592 -1.104784 -0.004263 0.009952 0.063782 0.014938 0.039253 -1.999091 -0.022612 0.067937 -0.059854 -0.048020 -0.094459 -1.476593 0.258021 -0.180250 -0.308948 0.010645 
Generation 264 Fitness:2.159456
0.015320 0.047592 -1.190509 -0.004519 0.014048 0.063782 0.015713 0.040277 -1.999091 -0.015505 0.067937 -0.059854 -0.048139 -0.094459 -1.391785 0.258021 -0.180762 -0.350031 0.010645 
Generation 265 Fitness:2.437110
0.015625 0.047584 -1.179425 -0.004519 0.014048 0.063782 0.015713 0.039253 -2.029733 -0.015505 0.067937 -0.059854 -0.048139 -0.095296 -1.398860 0.258021 -0.180762 -0.318055 0.010645 
Generation 266 Fitness:1.917279
0.015320 0.047592 -1.217822 -0.004519 0.014048 0.063782 0.015713 0.039253 -2.029733 -0.015505 0.067937 -0.059854 -0.048139 -0.094459 -1.433686 0.253527 -0.180762 -0.318055 0.010645 
Generation 267 Fitness:2.112794
0.015320 0.047584 -1.190509 -0.004519 0.014048 0.063782 0.014938 0.039253 -2.029733 -0.015505 0.067937 -0.059854 -0.048139 -0.094459 -1.407121 0.258021 -0.181018 -0.318055 0.010645 
Generation 268 Fitness:2.536588
0.015320 0.047592 -1.190509 -0.004519 0.014048 0.063782 0.015713 0.039253 -2.029733 -0.015505 0.067937 -0.059854 -0.048020 -0.094459 -1.398860 0.253016 -0.180762 -0.318055 0.010645 
Generation 269 Fitness:3.301171
0.015320 0.047592 -1.104784 -0.004519 0.009952 0.063782 0.015713 0.039253 -1.999091 -0.015519 0.067937 -0.059854 -0.048139 -0.094459 -1.433686 0.258021 -0.180762 -0.337283 0.010677 
Generation 270 Fitness:2.371499
0.015320 0.047592 -1.190509 -0.004519 0.014048 0.063782 0.015713 0.039253 -1.999091 -0.015519 0.067937 -0.059790 -0.048139 -0.094459 -1.391785 0.253016 -0.180762 -0.318055 0.010645 
Generation 271 Fitness:2.256620
0.015320 0.047592 -1.160219 -0.004519 0.012000 0.063782 0.014874 0.039253 -2.043469 -0.015505 0.068065 -0.059854 -0.048139 -0.094459 -1.476593 0.257957 -0.180762 -0.337283 0.010645 
Generation 272 Fitness:2.123747
0.015320 0.047592 -1.208093 -0.004519 0.014048 0.063782 0.014938 0.039253 -2.029733 -0.015519 0.067937 -0.059854 -0.048020 -0.094459 -1.433686 0.253016 -0.182042 -0.308948 0.010645 
Generation 273 Fitness:1.947138
0.015625 0.047592 -1.176603 -0.004519 0.014048 0.063782 0.014689 0.039261 -2.029733 -0.015519 0.067937 -0.059854 -0.048139 -0.094459 -1.433686 0.253016 -0.180762 -0.318055 0.010645 
Generation 274 Fitness:2.274249
0.015320 0.047592 -1.104784 -0.004519 0.009952 0.063782 0.014938 0.039253 -2.029733 -0.015505 0.067937 -0.059854 -0.048139 -0.094459 -1.484146 0.253016 -0.180762 -0.313030 0.010709 
Generation 275 Fitness:2.877576
0.015320 0.047592 -1.104784 -0.004519 0.009952 0.063782 0.015713 0.039253 -2.029733 -0.015505 0.067937 -0.059854 -0.048139 -0.094459 -1.398860 0.253016 -0.180762 -0.308948 0.010645 
Generation 276 Fitness:2.177660
0.015320 0.047592 -1.104784 -0.004519 0.009952 0.063782 0.014938 0.039253 -2.029733 -0.015505 0.067937 -0.059854 -0.048020 -0.094459 -1.476593 0.253016 -0.180762 -0.312006 0.010645 
Generation 277 Fitness:1.920456
0.015320 0.047592 -1.104784 -0.004391 0.010208 0.063782 0.014938 0.040277 -1.993459 -0.015505 0.067937 -0.059854 -0.048395 -0.094459 -1.433686 0.253016 -0.180762 -0.318055 0.010645 
Generation 278 Fitness:2.033809
0.015320 0.047592 -1.190509 -0.004519 0.014048 0.063782 0.014938 0.039253 -2.029733 -0.015519 0.067873 -0.059854 -0.048139 -0.094459 -1.433686 0.253016 -0.180762 -0.307070 0.010645 
Generation 279 Fitness:2.658850
0.015320 0.047592 -1.104784 -0.004519 0.009952 0.063780 0.014938 0.039253 -2.029733 -0.015519 0.067905 -0.059854 -0.048020 -0.094459 -1.407121 0.258021 -0.181018 -0.318055 0.010709 
Generation 280 Fitness:2.428960
0.015320 0.047592 -1.086750 -0.004519 0.009952 0.063780 0.014689 0.039253 -2.029733 -0.015519 0.067937 -0.059854 -0.048020 -0.094459 -1.475569 0.253016 -0.180762 -0.318055 0.010645 
Generation 281 Fitness:2.828433
0.015320 0.047328 -1.104784 -0.004519 0.012000 0.063782 0.014938 0.039253 -2.029733 -0.015519 0.067937 -0.059854 -0.048020 -0.094459 -1.433686 0.253016 -0.180762 -0.318055 0.010645 
Generation 282 Fitness:2.088547
0.015320 0.047328 -1.104784 -0.004519 0.012000 0.063782 0.014938 0.039253 -2.029733 -0.015519 0.067937 -0.059854 -0.048020 -0.094459 -1.433686 0.253016 -0.180762 -0.318055 0.010645 
Generation 283 Fitness:2.865825
0.015320 0.047594 -1.104784 -0.004519 0.009952 0.063782 0.014938 0.039253 -2.095269 -0.015505 0.067937 -0.059854 -0.048139 -0.094459 -1.433686 0.258021 -0.180762 -0.312006 0.010645 
Generation 284 Fitness:2.405288
0.015320 0.047592 -1.104784 -0.004519 0.009952 0.063782 0.014938 0.039253 -2.029733 -0.015519 0.067937 -0.059854 -0.048020 -0.094459 -1.433686 0.253016 -0.180762 -0.318055 0.011669 
Generation 285 Fitness:2.356919
0.015320 0.047594 -1.150328 -0.004519 0.012000 0.063782 0.014938 0.039381 -2.029733 -0.016152 0.067937 -0.059854 -0.048139 -0.094459 -1.433686 0.258021 -0.182042 -0.318055 0.010645 
Generation 286 Fitness:2.055449
0.015320 0.047592 -1.104784 -0.004477 0.009952 0.063782 0.014938 0.039253 -2.095269 -0.015505 0.067937 -0.059854 -0.048020 -0.094459 -1.433686 0.258021 -0.180762 -0.318055 0.010645 
Generation 287 Fitness:2.085598
0.015320 0.047592 -1.111067 -0.004519 0.012000 0.063782 0.014689 0.039253 -2.029733 -0.015505 0.067937 -0.059854 -0.048020 -0.094459 -1.407121 0.258021 -0.182042 -0.312006 0.010645 
Generation 288 Fitness:1.757023
0.015320 0.047328 -1.104784 -0.004519 0.009952 0.063782 0.014938 0.039253 -2.095269 -0.015519 0.067937 -0.057806 -0.048139 -0.094459 -1.433686 0.258021 -0.180762 -0.318055 0.010645 
Generation 289 Fitness:3.227829
0.015320 0.047328 -1.104784 -0.004519 0.009952 0.063782 0.014938 0.039253 -2.095269 -0.015505 0.067937 -0.059598 -0.048139 -0.094459 -1.433686 0.258021 -0.180762 -0.318055 0.010645 
Generation 290 Fitness:3.240936
0.015320 0.047592 -1.150328 -0.004519 0.012000 0.063782 0.014689 0.039253 -2.095269 -0.015519 0.067937 -0.059854 -0.048139 -0.094459 -1.433686 0.258021 -0.180762 -0.318055 0.010645 
Generation 291 Fitness:2.754718
0.015320 0.047592 -1.143835 -0.004519 0.012000 0.063782 0.014938 0.039253 -2.095269 -0.015505 0.067937 -0.059854 -0.048020 -0.094459 -1.433686 0.258021 -0.180762 -0.318055 0.010645 
Generation 292 Fitness:1.997594
0.015320 0.047584 -1.104784 -0.004519 0.009952 0.063782 0.014938 0.039381 -2.095269 -0.015505 0.067937 -0.059854 -0.048020 -0.094459 -1.433686 0.258021 -0.180762 -0.318055 0.010645 
Generation 293 Fitness:2.234490
0.015320 0.047336 -1.176603 -0.004519 0.014048 0.063782 0.014938 0.039253 -2.095269 -0.015505 0.067937 -0.059854 -0.048020 -0.094459 -1.433686 0.258021 -0.180762 -0.318055 0.010645 
Generation 294 Fitness:2.361399
0.015320 0.047592 -1.104784 -0.004519 0.009952 0.063782 0.014938 0.039253 -2.095269 -0.016152 0.067937 -0.059854 -0.048139 -0.094459 -1.433686 0.258021 -0.180762 -0.318055 0.010645 
Generation 295 Fitness:2.037841
0.015320 0.047464 -1.150328 -0.004519 0.012000 0.063782 0.014938 0.039253 -2.095269 -0.015505 0.067937 -0.059854 -0.048020 -0.094459 -1.433686 0.258021 -0.180762 -0.318055 0.010645 
Generation 296 Fitness:1.841715
0.015320 0.047592 -1.104784 -0.004263 0.010208 0.063782 0.014938 0.039253 -2.095269 -0.015519 0.067937 -0.059854 -0.048020 -0.094459 -1.433686 0.258021 -0.180762 -0.318055 0.010645 
Generation 297 Fitness:2.217382
0.015320 0.047594 -1.104784 -0.004263 0.009952 0.063782 0.014938 0.039253 -2.095269 -0.015519 0.067937 -0.059790 -0.048020 -0.094459 -1.433686 0.258021 -0.180762 -0.318055 0.010645 
Generation 298 Fitness:2.257643
0.015320 0.047592 -1.104784 -0.004263 0.010208 0.063782 0.014938 0.039253 -2.095269 -0.015505 0.067937 -0.059854 -0.048020 -0.094459 -1.433686 0.258021 -0.181018 -0.312006 0.010645 
Generation 299 Fitness:2.030232
0.015625 0.047592 -1.104784 -0.004263 0.009952 0.063782 0.014938 0.039381 -2.095269 -0.015505 0.067937 -0.059854 -0.048020 -0.094459 -1.433686 0.258021 -0.182042 -0.318055 0.010709 
Generation 300 Fitness:2.161728
0.015320 0.047592 -1.104784 -0.004519 0.010208 0.063782 0.014938 0.039381 -2.095269 -0.015519 0.067937 -0.059854 -0.048020 -0.094459 -1.433686 0.258021 -0.180762 -0.318055 0.010645 
Generation 301 Fitness:2.566556
0.015320 0.047584 -1.104784 -0.004519 0.010208 0.063782 0.014938 0.039381 -2.095269 -0.015505 0.067937 -0.057806 -0.048020 -0.094459 -1.433686 0.258021 -0.180762 -0.318055 0.010645 
Generation 302 Fitness:2.344140
0.015320 0.047592 -1.104784 -0.004231 0.010208 0.063782 0.014874 0.039381 -2.095269 -0.015505 0.067937 -0.059854 -0.048020 -0.094459 -1.433686 0.258021 -0.180762 -0.318055 0.010709 
Generation 303 Fitness:2.408491
0.015320 0.047592 -1.104784 -0.004263 0.010208 0.063782 0.014930 0.039381 -2.095269 -0.016017 0.067937 -0.059854 -0.048020 -0.094459 -1.433686 0.258021 -0.180762 -0.318055 0.010645 
Generation 304 Fitness:1.882441
0.015320 0.047592 -1.104784 -0.004263 0.010208 0.063782 0.014930 0.039253 -2.095269 -0.015505 0.067937 -0.059790 -0.048020 -0.094459 -1.433686 0.258021 -0.180762 -0.318055 0.010645 
Generation 305 Fitness:2.064236
0.015320 0.047592 -1.104784 -0.004263 0.010208 0.063782 0.014930 0.039381 -2.095269 -0.016152 0.067937 -0.059854 -0.048020 -0.094459 -1.433686 0.258021 -0.180762 -0.318055 0.010645 
Generation 306 Fitness:1.795587
0.015320 0.047592 -1.104784 -0.004263 0.009952 0.063782 0.014874 0.039381 -2.095269 -0.016152 0.067937 -0.059854 -0.048020 -0.094459 -1.433686 0.258021 -0.180762 -0.318055 0.010645 
Generation 307 Fitness:2.826198
0.015320 0.047592 -1.104784 -0.004263 0.010208 0.063782 0.014938 0.039381 -2.095269 -0.015519 0.067681 -0.059854 -0.048020 -0.094459 -1.433686 0.258021 -0.180762 -0.318055 0.010645 
Generation 308 Fitness:1.982919
0.015320 0.047592 -1.104784 -0.004231 0.010208 0.063782 0.014938 0.039381 -2.095269 -0.016152 0.067937 -0.059598 -0.048020 -0.094459 -1.433686 0.258021 -0.180762 -0.318055 0.010645 
Generation 309 Fitness:2.439243
0.015320 0.047592 -1.104784 -0.004263 0.010208 0.063782 0.014938 0.039765 -2.095269 -0.016152 0.067937 -0.059854 -0.048020 -0.094459 -1.433686 0.258021 -0.181018 -0.318055 0.010645 
Generation 310 Fitness:1.918525
0.015320 0.047592 -1.111067 -0.004263 0.009952 0.063782 0.014938 0.039381 -2.095269 -0.016152 0.067937 -0.057806 -0.048020 -0.094459 -1.433686 0.258021 -0.180762 -0.318055 0.010645 
Generation 311 Fitness:2.139503
0.015320 0.047592 -1.104784 -0.004263 0.010208 0.063782 0.014938 0.039381 -2.095269 -0.016152 0.067937 -0.059598 -0.048020 -0.094459 -1.433686 0.258021 -0.181018 -0.319079 0.010645 
Generation 312 Fitness:2.070041
0.015320 0.047336 -1.104784 -0.004263 0.010208 0.063782 0.014938 0.039381 -2.095269 -0.016152 0.067937 -0.057806 -0.047892 -0.094459 -1.433686 0.258021 -0.180762 -0.318055 0.010645 
Generation 313 Fitness:2.529496
0.015320 0.047584 -1.104784 -0.004263 0.010208 0.063782 0.014938 0.039765 -2.095269 -0.016152 0.067681 -0.059854 -0.048020 -0.094459 -1.433686 0.258021 -0.180762 -0.318055 0.010645 
Generation 314 Fitness:1.834262
0.015320 0.047464 -1.104784 -0.004263 0.010208 0.063782 0.014874 0.039381 -2.095269 -0.016152 0.067937 -0.057806 -0.048020 -0.094459 -1.433686 0.258021 -0.180762 -0.318055 0.010645 
Generation 315 Fitness:2.691717
0.015320 0.047592 -1.104784 -0.004231 0.010208 0.063782 0.014938 0.039381 -2.095269 -0.016152 0.067681 -0.057806 -0.048020 -0.094459 -1.433686 0.258021 -0.180762 -0.318055 0.010645 
Generation 316 Fitness:2.382260
0.015312 0.047592 -1.088400 -0.004263 0.010208 0.063782 0.014938 0.039381 -2.095269 -0.016152 0.067937 -0.059854 -0.048020 -0.094459 -1.433686 0.258021 -0.180762 -0.318055 0.010645 
Generation 317 Fitness:1.872293
0.015320 0.047592 -1.088400 -0.004263 0.010208 0.063782 0.014874 0.039381 -2.095269 -0.016152 0.067937 -0.059854 -0.048020 -0.094459 -1.433686 0.257892 -0.181018 -0.318055 0.010645 
Generation 318 Fitness:2.789232
0.015320 0.047592 -1.104784 -0.004263 0.010208 0.063782 0.014874 0.039381 -2.095269 -0.016152 0.067681 -0.057806 -0.048020 -0.094459 -1.433686 0.258021 -0.180762 -0.318055 0.010645 
Generation 319 Fitness:1.707194
0.015320 0.047592 -1.072016 -0.004263 0.010208 0.063782 0.014874 0.039381 -2.095269 -0.016152 0.067937 -0.059854 -0.048020 -0.094459 -1.433686 0.258021 -0.180794 -0.318055 0.010645 
Generation 320 Fitness:1.991381
0.015320 0.047464 -1.088400 -0.004263 0.010208 0.063782 0.014938 0.039381 -2.095269 -0.016152 0.067937 -0.059790 -0.048020 -0.094459 -1.433686 0.258021 -0.180762 -0.318055 0.010645 
Generation 321 Fitness:2.132037
0.015320 0.047592 -1.104784 -0.004231 0.010208 0.063782 0.014874 0.039381 -2.095269 -0.016152 0.067681 -0.057806 -0.048020 -0.094459 -1.433686 0.258021 -0.180762 -0.318055 0.010645 
Generation 322 Fitness:3.269638
0.015320 0.047592 -1.072016 -0.004263 0.010208 0.063782 0.014930 0.039381 -2.095269 -0.016152 0.067873 -0.059854 -0.048020 -0.094459 -1.433686 0.258021 -0.181018 -0.318055 0.010645 
Generation 323 Fitness:3.846925
0.015320 0.047464 -1.104784 -0.004263 0.010208 0.063782 0.014938 0.039765 -2.095269 -0.016152 0.067937 -0.057806 -0.048020 -0.094459 -1.433686 0.257765 -0.180762 -0.318055 0.010645 
Generation 324 Fitness:1.992868
0.015320 0.047584 -1.104816 -0.004263 0.010208 0.063782 0.014874 0.039381 -2.095269 -0.016152 0.067681 -0.057806 -0.048020 -0.094459 -1.433686 0.258021 -0.180762 -0.318055 0.010645 
Generation 325 Fitness:2.378692
0.015320 0.047592 -1.088400 -0.004263 0.010208 0.059686 0.014938 0.039381 -2.095269 -0.016152 0.067937 -0.059598 -0.048020 -0.094459 -1.433686 0.258021 -0.180762 -0.318055 0.010645 
Generation 326 Fitness:2.329697
0.015320 0.047328 -1.104784 -0.004231 0.010208 0.063782 0.014874 0.039381 -2.095269 -0.016152 0.067873 -0.057806 -0.048020 -0.094459 -1.433686 0.258021 -0.180762 -0.318055 0.010645 
Generation 327 Fitness:3.951206
0.015320 0.047592 -1.088400 -0.004263 0.010208 0.063782 0.014938 0.039381 -2.095269 -0.016152 0.067681 -0.057806 -0.048020 -0.094459 -1.433686 0.257509 -0.181018 -0.318055 0.010645 
Generation 328 Fitness:2.313704
0.015320 0.047592 -1.088400 -0.004263 0.010208 0.063782 0.014874 0.039381 -2.095269 -0.016152 0.067681 -0.057806 -0.048020 -0.094459 -1.433686 0.257509 -0.180762 -0.318055 0.010645 
Generation 329 Fitness:1.988127
0.015320 0.047336 -1.088400 -0.004263 0.010208 0.063782 0.014874 0.039381 -2.095269 -0.016152 0.067873 -0.057806 -0.048020 -0.094459 -1.433686 0.258021 -0.180762 -0.318055 0.010645 
Generation 330 Fitness:2.039226
0.015320 0.047328 -1.088400 -0.004263 0.010208 0.063782 0.014938 0.039381 -2.095269 -0.016152 0.067681 -0.057806 -0.048020 -0.094459 -1.433686 0.258021 -0.181018 -0.318055 0.010645 
Generation 331 Fitness:2.448967
0.015320 0.047592 -1.088400 -0.004231 0.010208 0.061734 0.014874 0.039381 -2.095269 -0.016152 0.067681 -0.057806 -0.048020 -0.094459 -1.433686 0.258021 -0.181018 -0.318055 0.010645 
Generation 332 Fitness:1.827059
0.015320 0.047464 -1.088400 -0.004231 0.010208 0.063780 0.014874 0.039381 -2.095269 -0.016280 0.067681 -0.057806 -0.048020 -0.094459 -1.433686 0.258021 -0.180762 -0.318055 0.010645 
Generation 333 Fitness:2.085067
0.015320 0.047592 -1.088400 -0.004263 0.010208 0.063782 0.014938 0.039381 -2.095269 -0.016152 0.065889 -0.057806 -0.048020 -0.094459 -1.433686 0.258021 -0.180762 -0.318055 0.010645 
Generation 334 Fitness:1.835160
0.015320 0.047592 -1.088400 -0.004263 0.010208 0.061734 0.014874 0.039381 -2.095269 -0.016152 0.067681 -0.057806 -0.048020 -0.094459 -1.433686 0.258021 -0.181018 -0.318055 0.010645 
Generation 335 Fitness:2.451296
0.015320 0.047592 -1.088400 -0.004231 0.010208 0.061734 0.014874 0.039381 -2.095269 -0.016152 0.067681 -0.057806 -0.048020 -0.094459 -1.433686 0.258021 -0.181018 -0.318055 0.010677 
Generation 336 Fitness:3.195878
0.015320 0.047584 -1.088400 -0.004231 0.010208 0.061734 0.014874 0.039381 -2.095269 -0.016152 0.067681 -0.057806 -0.048020 -0.094459 -1.433686 0.258021 -0.181018 -0.318055 0.010645 
Generation 337 Fitness:2.603155
0.015320 0.047592 -1.088400 -0.004103 0.010208 0.063526 0.014874 0.039381 -2.095269 -0.016152 0.067681 -0.057806 -0.048020 -0.094459 -1.433686 0.258021 -0.181786 -0.318055 0.010645 
Generation 338 Fitness:3.020872
0.015320 0.047328 -1.088400 -0.004103 0.010208 0.063782 0.014874 0.039381 -2.095269 -0.016152 0.067681 -0.057806 -0.048020 -0.094459 -1.433686 0.258021 -0.181018 -0.318055 0.010645 
Generation 339 Fitness:2.062604
0.015320 0.047592 -1.084304 -0.004263 0.010208 0.061734 0.014874 0.039381 -2.095269 -0.016152 0.067681 -0.057806 -0.048020 -0.094459 -1.433686 0.258021 -0.181018 -0.318055 0.010645 
Generation 340 Fitness:2.282830
0.015320 0.047592 -1.088400 -0.004231 0.010208 0.063782 0.014874 0.039381 -2.095269 -0.016152 0.065889 -0.057806 -0.048020 -0.094459 -1.433686 0.257892 -0.181018 -0.318055 0.010645 
Generation 341 Fitness:2.568397
0.015320 0.047464 -1.088400 -0.004135 0.010208 0.061734 0.014874 0.039381 -2.095781 -0.016280 0.067681 -0.057806 -0.048020 -0.094459 -1.433686 0.258021 -0.181018 -0.318055 0.010645 
Generation 342 Fitness:2.503881
0.015320 0.047328 -1.084304 -0.004231 0.010224 0.063526 0.014874 0.039381 -2.095269 -0.016152 0.067681 -0.057806 -0.048020 -0.094459 -1.433686 0.257509 -0.181018 -0.318055 0.010645 
Generation 343 Fitness:2.052127
0.015320 0.047464 -1.088400 -0.004103 0.010208 0.061734 0.014874 0.039381 -2.095269 -0.016152 0.067681 -0.057806 -0.048020 -0.094459 -1.433686 0.258021 -0.181018 -0.318055 0.010645 
Generation 344 Fitness:2.518332
0.015320 0.047464 -1.084304 -0.004231 0.010208 0.061734 0.014874 0.039381 -2.095269 -0.016280 0.067681 -0.057806 -0.048020 -0.094459 -1.433686 0.257509 -0.181018 -0.318055 0.010645 
Generation 345 Fitness:2.100720
0.015320 0.047592 -1.088400 -0.004103 0.010208 0.061734 0.014874 0.039381 -2.095269 -0.016280 0.067681 -0.057806 -0.048020 -0.094459 -1.433686 0.257509 -0.181018 -0.318055 0.010645 
Generation 346 Fitness:2.116057
0.015320 0.047464 -1.088400 -0.004263 0.010208 0.061734 0.014874 0.039381 -2.095269 -0.016152 0.067681 -0.057806 -0.047892 -0.094459 -1.433686 0.257509 -0.181018 -0.318055 0.010645 
Generation 347 Fitness:3.738927
0.015320 0.047464 -1.088400 -0.004231 0.010208 0.061734 0.014874 0.039383 -2.095269 -0.016152 0.067681 -0.057806 -0.047764 -0.094459 -1.433686 0.257509 -0.181018 -0.318055 0.010645 
Generation 348 Fitness:1.723573
0.015320 0.047464 -1.088400 -0.004231 0.010208 0.063526 0.014874 0.039893 -2.095269 -0.016280 0.067681 -0.057806 -0.048020 -0.094459 -1.433686 0.257509 -0.181018 -0.318055 0.010629 
Generation 349 Fitness:2.183862
0.015320 0.047464 -1.088400 -0.004103 0.010208 0.061734 0.014874 0.039381 -2.095269 -0.016152 0.067681 -0.057806 -0.047764 -0.094459 -1.433686 0.258021 -0.181018 -0.318311 0.010645 
Generation 350 Fitness:2.251178
0.015320 0.047464 -1.084304 -0.004103 0.010208 0.061734 0.014874 0.039381 -2.095269 -0.016280 0.067681 -0.057806 -0.048020 -0.094459 -1.433686 0.257765 -0.181018 -0.318055 0.010645 
Generation 351 Fitness:1.925529
0.015320 0.047464 -1.055632 -0.004231 0.010208 0.061734 0.014874 0.039381 -2.095269 -0.016152 0.067681 -0.057806 -0.047892 -0.094459 -1.433686 0.257509 -0.181018 -0.318055 0.010645 
Generation 352 Fitness:1.944382
0.015320 0.047464 -1.055632 -0.004231 0.010208 0.061734 0.014874 0.039381 -2.095269 -0.016280 0.067681 -0.057806 -0.048020 -0.094459 -1.433686 0.257509 -0.181018 -0.318055 0.010645 
Generation 353 Fitness:1.995527
0.015320 0.047464 -1.055632 -0.004135 0.010208 0.061734 0.014874 0.039381 -2.095269 -0.016280 0.067617 -0.057806 -0.048020 -0.094459 -1.433686 0.257509 -0.181018 -0.318055 0.010645 
Generation 354 Fitness:1.750176
0.015320 0.047464 -1.055632 -0.004231 0.010208 0.063526 0.014874 0.039389 -2.095269 -0.016280 0.067681 -0.057806 -0.048020 -0.094459 -1.433686 0.257509 -0.181018 -0.318055 0.010645 
Generation 355 Fitness:1.779286
0.015320 0.047464 -1.055632 -0.004103 0.010208 0.061734 0.014874 0.039381 -2.095269 -0.016280 0.067681 -0.057806 -0.048020 -0.094459 -1.433686 0.257509 -0.181018 -0.318055 0.010645 
Generation 356 Fitness:2.422876
0.015320 0.047464 -1.084304 -0.004103 0.010208 0.061734 0.014874 0.039413 -2.095269 -0.016280 0.067681 -0.057550 -0.048020 -0.094459 -1.433686 0.257509 -0.181018 -0.318055 0.010645 
Generation 357 Fitness:2.341088
0.015320 0.047464 -1.055632 -0.004135 0.010208 0.061734 0.014874 0.039381 -2.095269 -0.016280 0.067681 -0.057806 -0.048020 -0.094459 -1.433686 0.257509 -0.181018 -0.318055 0.010645 
Generation 358 Fitness:2.412202
0.015320 0.047464 -1.051536 -0.004135 0.010208 0.061734 0.014874 0.039381 -2.095269 -0.016280 0.067681 -0.057806 -0.048020 -0.094459 -1.433686 0.257509 -0.181018 -0.318055 0.010645 
Generation 359 Fitness:2.670661
0.015320 0.047464 -1.051536 -0.004103 0.010208 0.061734 0.014874 0.039413 -2.095269 -0.016280 0.067681 -0.057806 -0.048020 -0.094459 -1.433686 0.257509 -0.181018 -0.318055 0.010645 
Generation 360 Fitness:2.045686
0.015320 0.047432 -1.051536 -0.004103 0.010208 0.061734 0.014874 0.039381 -2.095269 -0.016280 0.067681 -0.057806 -0.048020 -0.094459 -1.433686 0.257509 -0.181018 -0.318055 0.010645 
Generation 361 Fitness:2.576422
0.015320 0.047464 -1.084304 -0.004103 0.010208 0.061734 0.014874 0.039413 -2.095269 -0.016280 0.067681 -0.057806 -0.047892 -0.094427 -1.433686 0.257509 -0.181018 -0.318055 0.010645 
Generation 362 Fitness:1.698366
0.015320 0.047464 -1.084304 -0.004103 0.010208 0.061734 0.014874 0.039381 -2.095781 -0.016280 0.067681 -0.057806 -0.047764 -0.094459 -1.433686 0.257509 -0.181018 -0.318055 0.010645 
Generation 363 Fitness:2.795461
0.015320 0.047464 -1.084304 -0.004103 0.010208 0.061734 0.014874 0.039383 -2.095781 -0.016280 0.067681 -0.057550 -0.047892 -0.094459 -1.433686 0.257509 -0.181018 -0.318055 0.010645 
Generation 364 Fitness:1.904361
0.015320 0.047208 -1.084304 -0.004103 0.010208 0.063526 0.014874 0.039413 -2.095269 -0.016280 0.067617 -0.057806 -0.048020 -0.094459 -1.433686 0.257509 -0.181018 -0.318055 0.010645 
Generation 365 Fitness:2.393783
0.015320 0.047464 -1.082256 -0.004103 0.010208 0.061734 0.014874 0.039413 -2.095269 -0.016280 0.067681 -0.057806 -0.048020 -0.094459 -1.433686 0.257509 -0.181018 -0.319079 0.010645 
Generation 366 Fitness:1.890246
0.015320 0.047464 -1.051536 -0.004103 0.010208 0.063526 0.014874 0.039413 -2.095269 -0.016280 0.067681 -0.057806 -0.048020 -0.094459 -1.433686 0.257509 -0.181018 -0.318055 0.010645 
Generation 367 Fitness:1.886267
0.015320 0.047464 -1.084304 -0.004103 0.010208 0.061734 0.014874 0.039413 -2.095781 -0.016280 0.067617 -0.057806 -0.048020 -0.094459 -1.433686 0.257509 -0.181018 -0.318055 0.010645 
Generation 368 Fitness:1.822856
0.015320 0.047464 -1.082256 -0.004103 0.010208 0.061734 0.014874 0.039413 -2.095269 -0.016280 0.067681 -0.057806 -0.048020 -0.094459 -1.433686 0.257509 -0.181018 -0.318055 0.010645 
Generation 369 Fitness:2.143553
0.015320 0.047464 -1.084304 -0.004103 0.010208 0.061734 0.014874 0.039413 -2.095781 -0.016280 0.067617 -0.057550 -0.048020 -0.094459 -1.433686 0.257509 -0.181018 -0.318055 0.010645 
Generation 370 Fitness:2.354151
0.015320 0.047464 -1.082256 -0.004103 0.010224 0.063526 0.014874 0.039413 -2.095269 -0.016280 0.067617 -0.057422 -0.048020 -0.094459 -1.433686 0.257509 -0.181018 -0.319079 0.010645 
Generation 371 Fitness:2.143491
0.015320 0.047464 -1.082256 -0.004103 0.010224 0.063526 0.014874 0.039413 -2.096294 -0.016312 0.067617 -0.057422 -0.048020 -0.094459 -1.433686 0.257509 -0.181018 -0.319079 0.010645 
Generation 372 Fitness:2.280679
0.015320 0.047464 -1.082256 -0.004103 0.010208 0.063526 0.014874 0.039413 -2.096294 -0.016344 0.067617 -0.057806 -0.048020 -0.094459 -1.433686 0.257509 -0.181018 -0.319079 0.010645 
Generation 373 Fitness:2.252044
0.015320 0.047464 -1.084304 -0.004103 0.010228 0.061734 0.014874 0.039413 -2.095269 -0.016280 0.067617 -0.057550 -0.048020 -0.094459 -1.433686 0.257509 -0.181018 -0.318055 0.010645 
Generation 374 Fitness:1.991250
0.015320 0.047464 -1.082256 -0.004103 0.010228 0.063526 0.014874 0.039413 -2.096294 -0.016344 0.067617 -0.057806 -0.048020 -0.094459 -1.433686 0.257477 -0.181018 -0.319079 0.010645 
Generation 375 Fitness:2.204886
0.015320 0.047464 -1.082256 -0.004103 0.010224 0.061734 0.014874 0.039413 -2.095269 -0.016344 0.067617 -0.057550 -0.048020 -0.094459 -1.433686 0.257509 -0.181018 -0.318311 0.010645 
Generation 376 Fitness:2.495437
0.015320 0.047464 -1.082256 -0.004103 0.010224 0.063526 0.014874 0.039413 -2.096294 -0.016312 0.067617 -0.057550 -0.048020 -0.094395 -1.433686 0.257509 -0.181146 -0.319079 0.010645 
Generation 377 Fitness:1.989455
0.015320 0.047464 -1.082256 -0.004103 0.010224 0.063526 0.014874 0.039925 -2.095269 -0.016280 0.067617 -0.057550 -0.048020 -0.094459 -1.433686 0.257509 -0.181018 -0.319079 0.010645 
Generation 378 Fitness:2.153989
0.015320 0.047464 -1.049488 -0.004103 0.010224 0.063526 0.014874 0.039413 -2.095781 -0.016344 0.067617 -0.057550 -0.048020 -0.094459 -1.433686 0.257509 -0.181018 -0.319079 0.010645 
Generation 379 Fitness:2.972136
0.015320 0.047464 -1.049488 -0.004103 0.010208 0.063526 0.014874 0.039413 -2.095781 -0.016344 0.067617 -0.057550 -0.048020 -0.094459 -1.433686 0.257509 -0.181018 -0.319079 0.010645 
Generation 380 Fitness:2.148272
0.015320 0.047464 -1.049488 -0.004103 0.010224 0.063526 0.014874 0.039413 -2.096294 -0.016344 0.067617 -0.057550 -0.048020 -0.094459 -1.433686 0.257509 -0.181018 -0.319079 0.010645 
Generation 381 Fitness:2.197230
0.015320 0.047464 -1.049488 -0.004103 0.010224 0.063526 0.014872 0.039413 -2.096294 -0.016344 0.067617 -0.057550 -0.048020 -0.094459 -1.433686 0.257509 -0.181018 -0.319079 0.010645 
Generation 382 Fitness:2.718421
0.015320 0.047464 -1.049488 -0.004103 0.010224 0.063526 0.014874 0.039413 -2.096294 -0.016344 0.067617 -0.057550 -0.048020 -0.094459 -1.433686 0.257509 -0.181082 -0.319079 0.010645 
Generation 383 Fitness:3.086457
0.015320 0.047464 -1.049488 -0.004103 0.010224 0.063526 0.014874 0.039413 -2.096294 -0.016377 0.067617 -0.057550 -0.048020 -0.094459 -1.433686 0.257509 -0.181018 -0.319079 0.010645 
Generation 384 Fitness:2.243917
0.015320 0.047464 -1.082256 -0.004103 0.010224 0.059430 0.014874 0.039413 -2.096294 -0.016344 0.067617 -0.057550 -0.048020 -0.094459 -1.433686 0.257509 -0.181018 -0.319079 0.010645 
Generation 385 Fitness:1.752908
0.015320 0.047464 -1.049488 -0.004103 0.010228 0.063526 0.014874 0.039413 -2.096294 -0.016344 0.067617 -0.057550 -0.048020 -0.094459 -1.433686 0.257509 -0.181082 -0.319079 0.010645 
Generation 386 Fitness:2.149393
0.015320 0.047464 -1.049488 -0.004103 0.010224 0.063526 0.014874 0.039413 -2.096294 -0.016344 0.067617 -0.057550 -0.048020 -0.094459 -1.433686 0.257381 -0.181018 -0.319079 0.010645 
Generation 387 Fitness:1.845316
0.015320 0.047432 -1.082256 -0.004103 0.010224 0.063526 0.014874 0.039421 -2.096294 -0.016344 0.067617 -0.057550 -0.048020 -0.094459 -1.433686 0.257253 -0.181082 -0.319079 0.010645 
Generation 388 Fitness:1.758836
0.015320 0.047456 -1.049488 -0.004103 0.010224 0.063526 0.014874 0.039421 -2.096294 -0.016344 0.067617 -0.057550 -0.048020 -0.094459 -1.433686 0.257509 -0.181018 -0.319079 0.010645 
Generation 389 Fitness:2.146773
0.015320 0.047432 -1.082256 -0.004103 0.010228 0.063526 0.014874 0.039413 -2.096294 -0.016344 0.067617 -0.057422 -0.048020 -0.094427 -1.433686 0.257444 -0.181082 -0.319079 0.010645 
Generation 390 Fitness:3.534219
0.015320 0.047464 -1.082256 -0.004103 0.010228 0.063526 0.014874 0.039421 -2.096294 -0.016377 0.067617 -0.057422 -0.048020 -0.094427 -1.433686 0.257509 -0.181146 -0.319079 0.010645 
Generation 391 Fitness:3.402625
0.015320 0.047464 -1.082256 -0.004103 0.010228 0.063526 0.014874 0.039421 -2.096294 -0.016377 0.067585 -0.057550 -0.048020 -0.094459 -1.433686 0.257381 -0.181146 -0.319079 0.010645 
Generation 392 Fitness:2.237535
0.015320 0.047464 -1.049488 -0.004103 0.010228 0.063526 0.014874 0.039413 -2.096294 -0.016344 0.067585 -0.057550 -0.048020 -0.094459 -1.433686 0.257509 -0.181082 -0.319079 0.010645 
Generation 393 Fitness:2.290894
0.015320 0.047464 -1.082256 -0.004103 0.010228 0.063526 0.014874 0.039421 -2.096806 -0.016377 0.067585 -0.057550 -0.048020 -0.094427 -1.433686 0.257509 -0.181146 -0.319079 0.010645 
Generation 394 Fitness:2.000966
0.015320 0.047432 -1.082256 -0.004103 0.010228 0.063526 0.014874 0.039413 -2.096294 -0.016377 0.067585 -0.057422 -0.048020 -0.094459 -1.433686 0.257381 -0.181146 -0.319079 0.010645 
Generation 395 Fitness:2.435022
0.015320 0.047432 -1.082256 -0.004103 0.010228 0.063526 0.014872 0.039421 -2.096806 -0.016377 0.067585 -0.057422 -0.048020 -0.094427 -1.433686 0.257509 -0.181082 -0.319079 0.010645 
Generation 396 Fitness:3.163426
0.015320 0.047464 -1.082256 -0.004103 0.010228 0.059396 0.014874 0.039413 -2.096806 -0.016344 0.067585 -0.057422 -0.048020 -0.094427 -1.433686 0.257509 -0.181018 -0.319079 0.010645 
Generation 397 Fitness:1.985755
0.015320 0.047464 -1.049488 -0.004103 0.010228 0.063526 0.014874 0.039413 -2.096294 -0.016377 0.067585 -0.057422 -0.048020 -0.094459 -1.433686 0.257509 -0.181018 -0.319079 0.010645 
Generation 398 Fitness:3.010861
0.015320 0.047432 -1.082256 -0.004103 0.010224 0.063492 0.014874 0.039421 -2.096294 -0.016377 0.067585 -0.057422 -0.048020 -0.094459 -1.433686 0.257444 -0.181146 -0.319079 0.010645 
Generation 399 Fitness:2.298186
0.015320 0.047464 -1.082256 -0.004103 0.010228 0.063492 0.014874 0.039925 -2.096294 -0.016377 0.067585 -0.057422 -0.048020 -0.094459 -1.433686 0.257509 -0.181018 -0.319079 0.010645 
