625.799693
1081.910903
5088.039219
1144.823715
325.271333
447.354833
5781.536390
1327.080285
2839.883837
645.919617
342.049268
3676.277585
2269.301990
2652.467361
3593.021654
913.218720
5227.680526
1398.340472
667.153821
1925.969860
1051.322668
1232.669715
1877.835352
1245.277647
865.956405
209.896386
1012.393371
785.350676
1278.369794
1093.497172
942.577923
1747.882571
466.772685
559.009197
682.532812
1560.212395
567.782871
604.996872
379.992348
1234.068254
1251.335126
254.700521
294.285291
764.716282
336.132499
1374.296944
1033.652615
928.649943
111.676036
114.071747
852.644135
311.222268
477.030491
109.063310
242.910525
254.212892
377.882195
603.005962
240.747609
341.624779
704.494944
531.936636
219.588424
449.319759
801.399896
616.785054
156.569639
310.221313
137.428693
387.192596
460.541874
375.007015
600.965108
67.605283
1236.598117
111.435718
253.353287
353.725716
582.751992
333.386426
125.244756
290.602055
454.096009
58.115889
187.944162
85.611555
262.160755
49.345968
104.969834
188.034366
35.478648
186.599633
44.162301
85.741558
76.641260
294.570535
212.327068
47.531626
339.713164
72.539888
205.295640
37.057162
69.708532
60.082476
125.765997
89.030623
73.374695
161.932664
195.599531
82.109947
100.727553
64.562589
187.480547
132.627957
94.111713
43.087350
31.268944
17.472243
76.028600
37.459326
41.698846
114.585978
60.538757
89.755301
28.436615
102.986285
59.320714
39.322098
10.171707
123.004476
128.899624
59.325646
70.606463
10.653206
79.669474
20.321225
26.024307
49.453258
17.602247
85.435032
49.399536
15.815532
138.401953
28.255669
48.549578
24.236705
77.667809
77.357338
22.596502
46.556939
18.146771
14.357576
9.678937
18.474710
115.363978
98.073560
22.026226
16.787783
109.545912
51.434403
46.057216
18.560384
23.917605
17.106918
364.820198
11.868435
59.059024
7.263659
17.765638
9.024662
18.761860
5.749264
6.270627
10.305164
17.317325
38.519272
29.465716
25.695103
16.045321
10.737777
9.706810
16.198714
5.041209
40.969798
21.529368
8.148791
14.694634
5.752291
22.136552
11.190143
15.131650
5.963773
6.856609
28.024652
8.623977
5.110118
13.071461
17.208718
9.981742
26.119747
25.470812
12.844140
14.952533
4.961962
2.862952
6.620904
4.367058
5.985162
11.999838
9.574960
5.113557
20.885365
2.677078
9.563834
8.448504
9.355534
4.630597
9.890964
4.518587
6.169928
2.739786
8.735757
9.144369
4.348691
4.945326
5.467396
4.324556
4.900782
2.606110
4.056754
4.462024
7.359644
2.801640
4.160925
4.732109
4.816654
9.616563
3.260542
3.322309
8.693793
3.621907
2.964737
3.114388
6.122612
2.157735
2.861860
9.347861
3.095128
3.104721
3.189649
3.808989
3.104595
3.347243
3.689775
2.389164
2.692191
3.035831
3.167024
3.967804
3.377904
3.367466
2.587631
4.393281
2.398490
2.282075
2.585823
2.013977
2.465765
2.608745
3.807461
2.510561
2.320038
2.380124
2.171864
2.469264
749.289048
2.237466
1.994013
2.108977
2.774903
2.504711
2.900133
2.189856
2.909531
2.467688
2.436109
2.101810
2.171069
1.938145
3.354786
3.318203
2.853928
2.081210
2.306257
2.464672
2.101148
1.904087
2.273168
2.343842
2.138394
2.247427
2.610840
2.413840
2.458659
1.941404
2.122335
1.857214
2.862589
2.047903
2.500333
1.966763
2.175767
2.132723
2.554019
1.884735
2.735375
2.402103
1.886446
2.821122
1.728168
2.014104
2.138175
3.295595
3.852244
2.001114
2.399887
2.332817
3.962026
2.331624
2.020071
2.050030
2.482634
1.849250
2.114994
1.850294
2.461575
3.208412
2.618399
3.029391
2.064525
2.304493
2.576652
2.513293
2.065250
2.535434
2.104654
2.122139
3.754434
1.735466
2.200799
2.258734
1.944195
1.969837
2.010247
1.757569
1.800054
2.428101
2.364870
2.435133
2.691991
2.069347
2.580163
1.703516
2.801108
1.909288
2.402416
1.894648
1.892053
1.829281
2.149216
2.356938
2.145922
2.284138
2.256904
1.992583
2.210574
2.498402
2.000462
2.155479
2.981497
2.157417
2.203778
323.380625
3.099064
2.261634
1.761715
2.154724
1.845552
1.765882
2.148062
3.536676
3.404238
2.242236
2.292875
2.002992
2.436613
3.172737
2.005938
3.016467
2.313633
